SMITH	2,501,922 	1.006	1
JOHNSON	2,014,470 	0.81	2
WILLIAMS	1,738,413 	0.699	3
JONES	1,544,427 	0.621	4
BROWN	1,544,427 	0.621	5
DAVIS	1,193,760 	0.48	6
MILLER	1,054,488 	0.424	7
WILSON	843,093 	0.339	8
MOORE	775,944 	0.312	9
TAYLOR	773,457 	0.311	10
ANDERSON	773,457 	0.311	11
THOMAS	773,457 	0.311	12
JACKSON	770,970 	0.31	13
WHITE	693,873 	0.279	14
HARRIS	683,925 	0.275	15
MARTIN	678,951 	0.273	16
THOMPSON	669,003 	0.269	17
GARCIA	631,698 	0.254	18
MARTINEZ	581,958 	0.234	19
ROBINSON	579,471 	0.233	20
CLARK	574,497 	0.231	21
RODRIGUEZ	569,523 	0.229	22
LEWIS	562,062 	0.226	23
LEE	547,140 	0.22	24
WALKER	544,653 	0.219	25
HALL	497,400 	0.2	26
ALLEN	494,913 	0.199	27
YOUNG	479,991 	0.193	28
HERNANDEZ	477,504 	0.192	29
KING	472,530 	0.19	30
WRIGHT	470,043 	0.189	31
LOPEZ	465,069 	0.187	32
HILL	465,069 	0.187	33
SCOTT	460,095 	0.185	34
GREEN	455,121 	0.183	35
ADAMS	432,738 	0.174	36
BAKER	425,277 	0.171	37
GONZALEZ	412,842 	0.166	38
NELSON	402,894 	0.162	39
CARTER	402,894 	0.162	40
MITCHELL	397,920 	0.16	41
PEREZ	385,485 	0.155	42
ROBERTS	380,511 	0.153	43
TURNER	378,024 	0.152	44
PHILLIPS	370,563 	0.149	45
CAMPBELL	370,563 	0.149	46
PARKER	363,102 	0.146	47
EVANS	350,667 	0.141	48
EDWARDS	340,719 	0.137	49
COLLINS	333,258 	0.134	50
STEWART	330,771 	0.133	51
SANCHEZ	323,310 	0.13	52
MORRIS	310,875 	0.125	53
ROGERS	305,901 	0.123	54
REED	303,414 	0.122	55
COOK	298,440 	0.12	56
MORGAN	293,466 	0.118	57
BELL	290,979 	0.117	58
MURPHY	290,979 	0.117	59
BAILEY	286,005 	0.115	60
RIVERA	281,031 	0.113	61
COOPER	281,031 	0.113	62
RICHARDSON	278,544 	0.112	63
COX	273,570 	0.11	64
HOWARD	273,570 	0.11	65
WARD	268,596 	0.108	66
TORRES	268,596 	0.108	67
PETERSON	266,109 	0.107	68
GRAY	263,622 	0.106	69
RAMIREZ	261,135 	0.105	70
JAMES	261,135 	0.105	71
WATSON	256,161 	0.103	72
BROOKS	256,161 	0.103	73
KELLY	253,674 	0.102	74
SANDERS	248,700 	0.1	75
PRICE	246,213 	0.099	76
BENNETT	246,213 	0.099	77
WOOD	243,726 	0.098	78
BARNES	241,239 	0.097	79
ROSS	238,752 	0.096	80
HENDERSON	236,265 	0.095	81
COLEMAN	236,265 	0.095	82
JENKINS	236,265 	0.095	83
PERRY	233,778 	0.094	84
POWELL	231,291 	0.093	85
LONG	228,804 	0.092	86
PATTERSON	228,804 	0.092	87
HUGHES	228,804 	0.092	88
FLORES	228,804 	0.092	89
WASHINGTON	228,804 	0.092	90
BUTLER	226,317 	0.091	91
SIMMONS	226,317 	0.091	92
FOSTER	226,317 	0.091	93
GONZALES	216,369 	0.087	94
BRYANT	216,369 	0.087	95
ALEXANDER	211,395 	0.085	96
RUSSELL	211,395 	0.085	97
GRIFFIN	208,908 	0.084	98
DIAZ	208,908 	0.084	99
HAYES	206,421 	0.083	100
MYERS	206,421 	0.083	101
FORD	203,934 	0.082	102
HAMILTON	203,934 	0.082	103
GRAHAM	203,934 	0.082	104
SULLIVAN	201,447 	0.081	105
WALLACE	201,447 	0.081	106
WOODS	198,960 	0.08	107
COLE	198,960 	0.08	108
WEST	198,960 	0.08	109
JORDAN	193,986 	0.078	110
OWENS	193,986 	0.078	111
REYNOLDS	193,986 	0.078	112
FISHER	191,499 	0.077	113
ELLIS	191,499 	0.077	114
HARRISON	189,012 	0.076	115
GIBSON	186,525 	0.075	116
MCDONALD	186,525 	0.075	117
CRUZ	186,525 	0.075	118
MARSHALL	186,525 	0.075	119
ORTIZ	186,525 	0.075	120
GOMEZ	186,525 	0.075	121
MURRAY	184,038 	0.074	122
FREEMAN	184,038 	0.074	123
WELLS	181,551 	0.073	124
WEBB	179,064 	0.072	125
SIMPSON	174,090 	0.07	126
STEVENS	174,090 	0.07	127
TUCKER	174,090 	0.07	128
PORTER	171,603 	0.069	129
HUNTER	171,603 	0.069	130
HICKS	171,603 	0.069	131
CRAWFORD	169,116 	0.068	132
HENRY	169,116 	0.068	133
BOYD	169,116 	0.068	134
MASON	169,116 	0.068	135
MORALES	166,629 	0.067	136
KENNEDY	166,629 	0.067	137
WARREN	166,629 	0.067	138
DIXON	164,142 	0.066	139
RAMOS	164,142 	0.066	140
REYES	164,142 	0.066	141
BURNS	161,655 	0.065	142
GORDON	161,655 	0.065	143
SHAW	161,655 	0.065	144
HOLMES	161,655 	0.065	145
RICE	159,168 	0.064	146
ROBERTSON	159,168 	0.064	147
HUNT	156,681 	0.063	148
BLACK	156,681 	0.063	149
DANIELS	154,194 	0.062	150
PALMER	154,194 	0.062	151
MILLS	151,707 	0.061	152
NICHOLS	149,220 	0.06	153
GRANT	149,220 	0.06	154
KNIGHT	149,220 	0.06	155
FERGUSON	146,733 	0.059	156
ROSE	146,733 	0.059	157
STONE	146,733 	0.059	158
HAWKINS	146,733 	0.059	159
DUNN	144,246 	0.058	160
PERKINS	144,246 	0.058	161
HUDSON	144,246 	0.058	162
SPENCER	141,759 	0.057	163
GARDNER	141,759 	0.057	164
STEPHENS	141,759 	0.057	165
PAYNE	141,759 	0.057	166
PIERCE	139,272 	0.056	167
BERRY	139,272 	0.056	168
MATTHEWS	139,272 	0.056	169
ARNOLD	139,272 	0.056	170
WAGNER	136,785 	0.055	171
WILLIS	136,785 	0.055	172
RAY	136,785 	0.055	173
WATKINS	136,785 	0.055	174
OLSON	136,785 	0.055	175
CARROLL	136,785 	0.055	176
DUNCAN	136,785 	0.055	177
SNYDER	136,785 	0.055	178
HART	134,298 	0.054	179
CUNNINGHAM	134,298 	0.054	180
BRADLEY	134,298 	0.054	181
LANE	134,298 	0.054	182
ANDREWS	134,298 	0.054	183
RUIZ	134,298 	0.054	184
HARPER	134,298 	0.054	185
FOX	131,811 	0.053	186
RILEY	131,811 	0.053	187
ARMSTRONG	131,811 	0.053	188
CARPENTER	131,811 	0.053	189
WEAVER	131,811 	0.053	190
GREENE	131,811 	0.053	191
LAWRENCE	129,324 	0.052	192
ELLIOTT	129,324 	0.052	193
CHAVEZ	129,324 	0.052	194
SIMS	129,324 	0.052	195
AUSTIN	129,324 	0.052	196
PETERS	129,324 	0.052	197
KELLEY	129,324 	0.052	198
FRANKLIN	126,837 	0.051	199
LAWSON	126,837 	0.051	200
FIELDS	126,837 	0.051	201
GUTIERREZ	126,837 	0.051	202
RYAN	126,837 	0.051	203
SCHMIDT	126,837 	0.051	204
CARR	126,837 	0.051	205
VASQUEZ	126,837 	0.051	206
CASTILLO	126,837 	0.051	207
WHEELER	126,837 	0.051	208
CHAPMAN	124,350 	0.05	209
OLIVER	124,350 	0.05	210
MONTGOMERY	121,863 	0.049	211
RICHARDS	121,863 	0.049	212
WILLIAMSON	121,863 	0.049	213
JOHNSTON	121,863 	0.049	214
BANKS	119,376 	0.048	215
MEYER	119,376 	0.048	216
BISHOP	119,376 	0.048	217
MCCOY	119,376 	0.048	218
HOWELL	119,376 	0.048	219
ALVAREZ	119,376 	0.048	220
MORRISON	119,376 	0.048	221
HANSEN	116,889 	0.047	222
FERNANDEZ	116,889 	0.047	223
GARZA	116,889 	0.047	224
HARVEY	116,889 	0.047	225
LITTLE	114,402 	0.046	226
BURTON	114,402 	0.046	227
STANLEY	114,402 	0.046	228
NGUYEN	114,402 	0.046	229
GEORGE	114,402 	0.046	230
JACOBS	114,402 	0.046	231
REID	114,402 	0.046	232
KIM	111,915 	0.045	233
FULLER	111,915 	0.045	234
LYNCH	111,915 	0.045	235
DEAN	111,915 	0.045	236
GILBERT	111,915 	0.045	237
GARRETT	111,915 	0.045	238
ROMERO	111,915 	0.045	239
WELCH	109,428 	0.044	240
LARSON	109,428 	0.044	241
FRAZIER	109,428 	0.044	242
BURKE	109,428 	0.044	243
HANSON	106,941 	0.043	244
DAY	106,941 	0.043	245
MENDOZA	106,941 	0.043	246
MORENO	106,941 	0.043	247
BOWMAN	106,941 	0.043	248
MEDINA	104,454 	0.042	249
FOWLER	104,454 	0.042	250
BREWER	104,454 	0.042	251
HOFFMAN	104,454 	0.042	252
CARLSON	104,454 	0.042	253
SILVA	104,454 	0.042	254
PEARSON	104,454 	0.042	255
HOLLAND	104,454 	0.042	256
DOUGLAS	101,967 	0.041	257
FLEMING	101,967 	0.041	258
JENSEN	101,967 	0.041	259
VARGAS	101,967 	0.041	260
BYRD	101,967 	0.041	261
DAVIDSON	101,967 	0.041	262
HOPKINS	101,967 	0.041	263
MAY	99,480 	0.04	264
TERRY	99,480 	0.04	265
HERRERA	99,480 	0.04	266
WADE	99,480 	0.04	267
SOTO	99,480 	0.04	268
WALTERS	99,480 	0.04	269
CURTIS	99,480 	0.04	270
NEAL	96,993 	0.039	271
CALDWELL	96,993 	0.039	272
LOWE	96,993 	0.039	273
JENNINGS	96,993 	0.039	274
BARNETT	96,993 	0.039	275
GRAVES	96,993 	0.039	276
JIMENEZ	96,993 	0.039	277
HORTON	96,993 	0.039	278
SHELTON	96,993 	0.039	279
BARRETT	96,993 	0.039	280
OBRIEN	96,993 	0.039	281
CASTRO	96,993 	0.039	282
SUTTON	94,506 	0.038	283
GREGORY	94,506 	0.038	284
MCKINNEY	94,506 	0.038	285
LUCAS	94,506 	0.038	286
MILES	94,506 	0.038	287
CRAIG	94,506 	0.038	288
RODRIQUEZ	92,019 	0.037	289
CHAMBERS	92,019 	0.037	290
HOLT	92,019 	0.037	291
LAMBERT	92,019 	0.037	292
FLETCHER	92,019 	0.037	293
WATTS	92,019 	0.037	294
BATES	92,019 	0.037	295
HALE	92,019 	0.037	296
RHODES	92,019 	0.037	297
PENA	92,019 	0.037	298
BECK	92,019 	0.037	299
NEWMAN	89,532 	0.036	300
HAYNES	89,532 	0.036	301
MCDANIEL	89,532 	0.036	302
MENDEZ	89,532 	0.036	303
BUSH	89,532 	0.036	304
VAUGHN	89,532 	0.036	305
PARKS	87,045 	0.035	306
DAWSON	87,045 	0.035	307
SANTIAGO	87,045 	0.035	308
NORRIS	87,045 	0.035	309
HARDY	87,045 	0.035	310
LOVE	87,045 	0.035	311
STEELE	87,045 	0.035	312
CURRY	87,045 	0.035	313
POWERS	87,045 	0.035	314
SCHULTZ	87,045 	0.035	315
BARKER	87,045 	0.035	316
GUZMAN	84,558 	0.034	317
PAGE	84,558 	0.034	318
MUNOZ	84,558 	0.034	319
BALL	84,558 	0.034	320
KELLER	84,558 	0.034	321
CHANDLER	84,558 	0.034	322
WEBER	84,558 	0.034	323
LEONARD	84,558 	0.034	324
WALSH	82,071 	0.033	325
LYONS	82,071 	0.033	326
RAMSEY	82,071 	0.033	327
WOLFE	82,071 	0.033	328
SCHNEIDER	82,071 	0.033	329
MULLINS	82,071 	0.033	330
BENSON	82,071 	0.033	331
SHARP	82,071 	0.033	332
BOWEN	82,071 	0.033	333
DANIEL	82,071 	0.033	334
BARBER	79,584 	0.032	335
CUMMINGS	79,584 	0.032	336
HINES	79,584 	0.032	337
BALDWIN	79,584 	0.032	338
GRIFFITH	79,584 	0.032	339
VALDEZ	79,584 	0.032	340
HUBBARD	79,584 	0.032	341
SALAZAR	79,584 	0.032	342
REEVES	79,584 	0.032	343
WARNER	77,097 	0.031	344
STEVENSON	77,097 	0.031	345
BURGESS	77,097 	0.031	346
SANTOS	77,097 	0.031	347
TATE	77,097 	0.031	348
CROSS	77,097 	0.031	349
GARNER	77,097 	0.031	350
MANN	77,097 	0.031	351
MACK	77,097 	0.031	352
MOSS	77,097 	0.031	353
THORNTON	77,097 	0.031	354
DENNIS	77,097 	0.031	355
MCGEE	77,097 	0.031	356
FARMER	74,610 	0.03	357
DELGADO	74,610 	0.03	358
AGUILAR	74,610 	0.03	359
VEGA	74,610 	0.03	360
GLOVER	74,610 	0.03	361
MANNING	74,610 	0.03	362
COHEN	74,610 	0.03	363
HARMON	74,610 	0.03	364
RODGERS	74,610 	0.03	365
ROBBINS	74,610 	0.03	366
NEWTON	74,610 	0.03	367
TODD	74,610 	0.03	368
BLAIR	74,610 	0.03	369
HIGGINS	74,610 	0.03	370
INGRAM	74,610 	0.03	371
REESE	74,610 	0.03	372
CANNON	74,610 	0.03	373
STRICKLAND	74,610 	0.03	374
TOWNSEND	74,610 	0.03	375
POTTER	74,610 	0.03	376
GOODWIN	74,610 	0.03	377
WALTON	74,610 	0.03	378
ROWE	72,123 	0.029	379
HAMPTON	72,123 	0.029	380
ORTEGA	72,123 	0.029	381
PATTON	72,123 	0.029	382
SWANSON	72,123 	0.029	383
JOSEPH	72,123 	0.029	384
FRANCIS	72,123 	0.029	385
GOODMAN	72,123 	0.029	386
MALDONADO	72,123 	0.029	387
YATES	72,123 	0.029	388
BECKER	72,123 	0.029	389
ERICKSON	72,123 	0.029	390
HODGES	72,123 	0.029	391
RIOS	72,123 	0.029	392
CONNER	72,123 	0.029	393
ADKINS	72,123 	0.029	394
WEBSTER	69,636 	0.028	395
NORMAN	69,636 	0.028	396
MALONE	69,636 	0.028	397
HAMMOND	69,636 	0.028	398
FLOWERS	69,636 	0.028	399
COBB	69,636 	0.028	400
MOODY	69,636 	0.028	401
QUINN	69,636 	0.028	402
BLAKE	69,636 	0.028	403
MAXWELL	69,636 	0.028	404
POPE	69,636 	0.028	405
FLOYD	67,149 	0.027	406
OSBORNE	67,149 	0.027	407
PAUL	67,149 	0.027	408
MCCARTHY	67,149 	0.027	409
GUERRERO	67,149 	0.027	410
LINDSEY	67,149 	0.027	411
ESTRADA	67,149 	0.027	412
SANDOVAL	67,149 	0.027	413
GIBBS	67,149 	0.027	414
TYLER	67,149 	0.027	415
GROSS	67,149 	0.027	416
FITZGERALD	67,149 	0.027	417
STOKES	67,149 	0.027	418
DOYLE	67,149 	0.027	419
SHERMAN	67,149 	0.027	420
SAUNDERS	67,149 	0.027	421
WISE	67,149 	0.027	422
COLON	67,149 	0.027	423
GILL	67,149 	0.027	424
ALVARADO	67,149 	0.027	425
GREER	64,662 	0.026	426
PADILLA	64,662 	0.026	427
SIMON	64,662 	0.026	428
WATERS	64,662 	0.026	429
NUNEZ	64,662 	0.026	430
BALLARD	64,662 	0.026	431
SCHWARTZ	64,662 	0.026	432
MCBRIDE	64,662 	0.026	433
HOUSTON	64,662 	0.026	434
CHRISTENSEN	64,662 	0.026	435
KLEIN	64,662 	0.026	436
PRATT	64,662 	0.026	437
BRIGGS	64,662 	0.026	438
PARSONS	64,662 	0.026	439
MCLAUGHLIN	64,662 	0.026	440
ZIMMERMAN	64,662 	0.026	441
FRENCH	64,662 	0.026	442
BUCHANAN	64,662 	0.026	443
MORAN	64,662 	0.026	444
COPELAND	62,175 	0.025	445
ROY	62,175 	0.025	446
PITTMAN	62,175 	0.025	447
BRADY	62,175 	0.025	448
MCCORMICK	62,175 	0.025	449
HOLLOWAY	62,175 	0.025	450
BROCK	62,175 	0.025	451
POOLE	62,175 	0.025	452
FRANK	62,175 	0.025	453
LOGAN	62,175 	0.025	454
OWEN	62,175 	0.025	455
BASS	62,175 	0.025	456
MARSH	62,175 	0.025	457
DRAKE	62,175 	0.025	458
WONG	62,175 	0.025	459
JEFFERSON	62,175 	0.025	460
PARK	62,175 	0.025	461
MORTON	62,175 	0.025	462
ABBOTT	62,175 	0.025	463
SPARKS	62,175 	0.025	464
PATRICK	59,688 	0.024	465
NORTON	59,688 	0.024	466
HUFF	59,688 	0.024	467
CLAYTON	59,688 	0.024	468
MASSEY	59,688 	0.024	469
LLOYD	59,688 	0.024	470
FIGUEROA	59,688 	0.024	471
CARSON	59,688 	0.024	472
BOWERS	59,688 	0.024	473
ROBERSON	59,688 	0.024	474
BARTON	59,688 	0.024	475
TRAN	59,688 	0.024	476
LAMB	59,688 	0.024	477
HARRINGTON	59,688 	0.024	478
CASEY	59,688 	0.024	479
BOONE	59,688 	0.024	480
CORTEZ	59,688 	0.024	481
CLARKE	59,688 	0.024	482
MATHIS	59,688 	0.024	483
SINGLETON	59,688 	0.024	484
WILKINS	59,688 	0.024	485
CAIN	59,688 	0.024	486
BRYAN	59,688 	0.024	487
UNDERWOOD	59,688 	0.024	488
HOGAN	59,688 	0.024	489
MCKENZIE	57,201 	0.023	490
COLLIER	57,201 	0.023	491
LUNA	57,201 	0.023	492
PHELPS	57,201 	0.023	493
MCGUIRE	57,201 	0.023	494
ALLISON	57,201 	0.023	495
BRIDGES	57,201 	0.023	496
WILKERSON	57,201 	0.023	497
NASH	57,201 	0.023	498
SUMMERS	57,201 	0.023	499
ATKINS	57,201 	0.023	500
WILCOX	57,201 	0.023	501
PITTS	57,201 	0.023	502
CONLEY	57,201 	0.023	503
MARQUEZ	57,201 	0.023	504
BURNETT	57,201 	0.023	505
RICHARD	57,201 	0.023	506
COCHRAN	57,201 	0.023	507
CHASE	57,201 	0.023	508
DAVENPORT	57,201 	0.023	509
HOOD	57,201 	0.023	510
GATES	57,201 	0.023	511
CLAY	57,201 	0.023	512
AYALA	57,201 	0.023	513
SAWYER	57,201 	0.023	514
ROMAN	57,201 	0.023	515
VAZQUEZ	57,201 	0.023	516
DICKERSON	57,201 	0.023	517
HODGE	54,714 	0.022	518
ACOSTA	54,714 	0.022	519
FLYNN	54,714 	0.022	520
ESPINOZA	54,714 	0.022	521
NICHOLSON	54,714 	0.022	522
MONROE	54,714 	0.022	523
WOLF	54,714 	0.022	524
MORROW	54,714 	0.022	525
KIRK	54,714 	0.022	526
RANDALL	54,714 	0.022	527
ANTHONY	54,714 	0.022	528
WHITAKER	54,714 	0.022	529
OCONNOR	54,714 	0.022	530
SKINNER	54,714 	0.022	531
WARE	54,714 	0.022	532
MOLINA	54,714 	0.022	533
KIRBY	54,714 	0.022	534
HUFFMAN	54,714 	0.022	535
BRADFORD	54,714 	0.022	536
CHARLES	54,714 	0.022	537
GILMORE	54,714 	0.022	538
DOMINGUEZ	54,714 	0.022	539
ONEAL	54,714 	0.022	540
BRUCE	54,714 	0.022	541
LANG	52,227 	0.021	542
COMBS	52,227 	0.021	543
KRAMER	52,227 	0.021	544
HEATH	52,227 	0.021	545
HANCOCK	52,227 	0.021	546
GALLAGHER	52,227 	0.021	547
GAINES	52,227 	0.021	548
SHAFFER	52,227 	0.021	549
SHORT	52,227 	0.021	550
WIGGINS	52,227 	0.021	551
MATHEWS	52,227 	0.021	552
MCCLAIN	52,227 	0.021	553
FISCHER	52,227 	0.021	554
WALL	52,227 	0.021	555
SMALL	52,227 	0.021	556
MELTON	52,227 	0.021	557
HENSLEY	52,227 	0.021	558
BOND	52,227 	0.021	559
DYER	52,227 	0.021	560
CAMERON	52,227 	0.021	561
GRIMES	52,227 	0.021	562
CONTRERAS	52,227 	0.021	563
CHRISTIAN	52,227 	0.021	564
WYATT	52,227 	0.021	565
BAXTER	52,227 	0.021	566
SNOW	52,227 	0.021	567
MOSLEY	52,227 	0.021	568
SHEPHERD	52,227 	0.021	569
LARSEN	52,227 	0.021	570
HOOVER	52,227 	0.021	571
BEASLEY	49,740 	0.02	572
GLENN	49,740 	0.02	573
PETERSEN	49,740 	0.02	574
WHITEHEAD	49,740 	0.02	575
MEYERS	49,740 	0.02	576
KEITH	49,740 	0.02	577
GARRISON	49,740 	0.02	578
VINCENT	49,740 	0.02	579
SHIELDS	49,740 	0.02	580
HORN	49,740 	0.02	581
SAVAGE	49,740 	0.02	582
OLSEN	49,740 	0.02	583
SCHROEDER	49,740 	0.02	584
HARTMAN	49,740 	0.02	585
WOODARD	49,740 	0.02	586
MUELLER	49,740 	0.02	587
KEMP	49,740 	0.02	588
DELEON	49,740 	0.02	589
BOOTH	49,740 	0.02	590
PATEL	49,740 	0.02	591
CALHOUN	49,740 	0.02	592
WILEY	49,740 	0.02	593
EATON	49,740 	0.02	594
CLINE	49,740 	0.02	595
NAVARRO	49,740 	0.02	596
HARRELL	49,740 	0.02	597
LESTER	49,740 	0.02	598
HUMPHREY	49,740 	0.02	599
PARRISH	49,740 	0.02	600
DURAN	49,740 	0.02	601
HUTCHINSON	49,740 	0.02	602
HESS	49,740 	0.02	603
DORSEY	49,740 	0.02	604
BULLOCK	49,740 	0.02	605
ROBLES	49,740 	0.02	606
BEARD	47,253 	0.019	607
DALTON	47,253 	0.019	608
AVILA	47,253 	0.019	609
VANCE	47,253 	0.019	610
RICH	47,253 	0.019	611
BLACKWELL	47,253 	0.019	612
YORK	47,253 	0.019	613
JOHNS	47,253 	0.019	614
BLANKENSHIP	47,253 	0.019	615
TREVINO	47,253 	0.019	616
SALINAS	47,253 	0.019	617
CAMPOS	47,253 	0.019	618
PRUITT	47,253 	0.019	619
MOSES	47,253 	0.019	620
CALLAHAN	47,253 	0.019	621
GOLDEN	47,253 	0.019	622
MONTOYA	47,253 	0.019	623
HARDIN	47,253 	0.019	624
GUERRA	47,253 	0.019	625
MCDOWELL	47,253 	0.019	626
CAREY	47,253 	0.019	627
STAFFORD	47,253 	0.019	628
GALLEGOS	47,253 	0.019	629
HENSON	47,253 	0.019	630
WILKINSON	47,253 	0.019	631
BOOKER	47,253 	0.019	632
MERRITT	47,253 	0.019	633
MIRANDA	47,253 	0.019	634
ATKINSON	47,253 	0.019	635
ORR	47,253 	0.019	636
DECKER	47,253 	0.019	637
HOBBS	47,253 	0.019	638
PRESTON	47,253 	0.019	639
TANNER	47,253 	0.019	640
KNOX	47,253 	0.019	641
PACHECO	47,253 	0.019	642
STEPHENSON	44,766 	0.018	643
GLASS	44,766 	0.018	644
ROJAS	44,766 	0.018	645
SERRANO	44,766 	0.018	646
MARKS	44,766 	0.018	647
HICKMAN	44,766 	0.018	648
ENGLISH	44,766 	0.018	649
SWEENEY	44,766 	0.018	650
STRONG	44,766 	0.018	651
PRINCE	44,766 	0.018	652
MCCLURE	44,766 	0.018	653
CONWAY	44,766 	0.018	654
WALTER	44,766 	0.018	655
ROTH	44,766 	0.018	656
MAYNARD	44,766 	0.018	657
FARRELL	44,766 	0.018	658
LOWERY	44,766 	0.018	659
HURST	44,766 	0.018	660
NIXON	44,766 	0.018	661
WEISS	44,766 	0.018	662
TRUJILLO	44,766 	0.018	663
ELLISON	44,766 	0.018	664
SLOAN	44,766 	0.018	665
JUAREZ	44,766 	0.018	666
WINTERS	44,766 	0.018	667
MCLEAN	44,766 	0.018	668
RANDOLPH	44,766 	0.018	669
LEON	44,766 	0.018	670
BOYER	44,766 	0.018	671
VILLARREAL	44,766 	0.018	672
MCCALL	44,766 	0.018	673
GENTRY	44,766 	0.018	674
CARRILLO	42,279 	0.017	675
KENT	42,279 	0.017	676
AYERS	42,279 	0.017	677
LARA	42,279 	0.017	678
SHANNON	42,279 	0.017	679
SEXTON	42,279 	0.017	680
PACE	42,279 	0.017	681
HULL	42,279 	0.017	682
LEBLANC	42,279 	0.017	683
BROWNING	42,279 	0.017	684
VELASQUEZ	42,279 	0.017	685
LEACH	42,279 	0.017	686
CHANG	42,279 	0.017	687
HOUSE	42,279 	0.017	688
SELLERS	42,279 	0.017	689
HERRING	42,279 	0.017	690
NOBLE	42,279 	0.017	691
FOLEY	42,279 	0.017	692
BARTLETT	42,279 	0.017	693
MERCADO	42,279 	0.017	694
LANDRY	42,279 	0.017	695
DURHAM	42,279 	0.017	696
WALLS	42,279 	0.017	697
BARR	42,279 	0.017	698
MCKEE	42,279 	0.017	699
BAUER	42,279 	0.017	700
RIVERS	42,279 	0.017	701
EVERETT	42,279 	0.017	702
BRADSHAW	42,279 	0.017	703
PUGH	42,279 	0.017	704
VELEZ	42,279 	0.017	705
RUSH	42,279 	0.017	706
ESTES	42,279 	0.017	707
DODSON	42,279 	0.017	708
MORSE	42,279 	0.017	709
SHEPPARD	42,279 	0.017	710
WEEKS	42,279 	0.017	711
CAMACHO	42,279 	0.017	712
BEAN	42,279 	0.017	713
BARRON	42,279 	0.017	714
LIVINGSTON	42,279 	0.017	715
MIDDLETON	39,792 	0.016	716
SPEARS	39,792 	0.016	717
BRANCH	39,792 	0.016	718
BLEVINS	39,792 	0.016	719
CHEN	39,792 	0.016	720
KERR	39,792 	0.016	721
MCCONNELL	39,792 	0.016	722
HATFIELD	39,792 	0.016	723
HARDING	39,792 	0.016	724
ASHLEY	39,792 	0.016	725
SOLIS	39,792 	0.016	726
HERMAN	39,792 	0.016	727
FROST	39,792 	0.016	728
GILES	39,792 	0.016	729
BLACKBURN	39,792 	0.016	730
WILLIAM	39,792 	0.016	731
PENNINGTON	39,792 	0.016	732
WOODWARD	39,792 	0.016	733
FINLEY	39,792 	0.016	734
MCINTOSH	39,792 	0.016	735
KOCH	39,792 	0.016	736
BEST	39,792 	0.016	737
SOLOMON	39,792 	0.016	738
MCCULLOUGH	39,792 	0.016	739
DUDLEY	39,792 	0.016	740
NOLAN	39,792 	0.016	741
BLANCHARD	39,792 	0.016	742
RIVAS	39,792 	0.016	743
BRENNAN	39,792 	0.016	744
MEJIA	39,792 	0.016	745
KANE	39,792 	0.016	746
BENTON	39,792 	0.016	747
JOYCE	39,792 	0.016	748
BUCKLEY	39,792 	0.016	749
HALEY	39,792 	0.016	750
VALENTINE	39,792 	0.016	751
MADDOX	39,792 	0.016	752
RUSSO	39,792 	0.016	753
MCKNIGHT	39,792 	0.016	754
BUCK	39,792 	0.016	755
MOON	39,792 	0.016	756
MCMILLAN	39,792 	0.016	757
CROSBY	39,792 	0.016	758
BERG	39,792 	0.016	759
DOTSON	39,792 	0.016	760
MAYS	39,792 	0.016	761
ROACH	39,792 	0.016	762
CHURCH	39,792 	0.016	763
CHAN	39,792 	0.016	764
RICHMOND	39,792 	0.016	765
MEADOWS	39,792 	0.016	766
FAULKNER	39,792 	0.016	767
ONEILL	39,792 	0.016	768
KNAPP	39,792 	0.016	769
KLINE	37,305 	0.015	770
BARRY	37,305 	0.015	771
OCHOA	37,305 	0.015	772
JACOBSON	37,305 	0.015	773
GAY	37,305 	0.015	774
AVERY	37,305 	0.015	775
HENDRICKS	37,305 	0.015	776
HORNE	37,305 	0.015	777
SHEPARD	37,305 	0.015	778
HEBERT	37,305 	0.015	779
CHERRY	37,305 	0.015	780
CARDENAS	37,305 	0.015	781
MCINTYRE	37,305 	0.015	782
WHITNEY	37,305 	0.015	783
WALLER	37,305 	0.015	784
HOLMAN	37,305 	0.015	785
DONALDSON	37,305 	0.015	786
CANTU	37,305 	0.015	787
TERRELL	37,305 	0.015	788
MORIN	37,305 	0.015	789
GILLESPIE	37,305 	0.015	790
FUENTES	37,305 	0.015	791
TILLMAN	37,305 	0.015	792
SANFORD	37,305 	0.015	793
BENTLEY	37,305 	0.015	794
PECK	37,305 	0.015	795
KEY	37,305 	0.015	796
SALAS	37,305 	0.015	797
ROLLINS	37,305 	0.015	798
GAMBLE	37,305 	0.015	799
DICKSON	37,305 	0.015	800
BATTLE	37,305 	0.015	801
SANTANA	37,305 	0.015	802
CABRERA	37,305 	0.015	803
CERVANTES	37,305 	0.015	804
HOWE	37,305 	0.015	805
HINTON	37,305 	0.015	806
HURLEY	37,305 	0.015	807
SPENCE	37,305 	0.015	808
ZAMORA	37,305 	0.015	809
YANG	37,305 	0.015	810
MCNEIL	37,305 	0.015	811
SUAREZ	37,305 	0.015	812
CASE	37,305 	0.015	813
PETTY	37,305 	0.015	814
GOULD	37,305 	0.015	815
MCFARLAND	37,305 	0.015	816
SAMPSON	37,305 	0.015	817
CARVER	37,305 	0.015	818
BRAY	37,305 	0.015	819
ROSARIO	37,305 	0.015	820
MACDONALD	37,305 	0.015	821
STOUT	37,305 	0.015	822
HESTER	37,305 	0.015	823
MELENDEZ	37,305 	0.015	824
DILLON	37,305 	0.015	825
FARLEY	37,305 	0.015	826
HOPPER	37,305 	0.015	827
GALLOWAY	37,305 	0.015	828
POTTS	37,305 	0.015	829
BERNARD	37,305 	0.015	830
JOYNER	34,818 	0.014	831
STEIN	34,818 	0.014	832
AGUIRRE	34,818 	0.014	833
OSBORN	34,818 	0.014	834
MERCER	34,818 	0.014	835
BENDER	34,818 	0.014	836
FRANCO	34,818 	0.014	837
ROWLAND	34,818 	0.014	838
SYKES	34,818 	0.014	839
BENJAMIN	34,818 	0.014	840
TRAVIS	34,818 	0.014	841
PICKETT	34,818 	0.014	842
CRANE	34,818 	0.014	843
SEARS	34,818 	0.014	844
MAYO	34,818 	0.014	845
DUNLAP	34,818 	0.014	846
HAYDEN	34,818 	0.014	847
WILDER	34,818 	0.014	848
MCKAY	34,818 	0.014	849
COFFEY	34,818 	0.014	850
MCCARTY	34,818 	0.014	851
EWING	34,818 	0.014	852
COOLEY	34,818 	0.014	853
VAUGHAN	34,818 	0.014	854
BONNER	34,818 	0.014	855
COTTON	34,818 	0.014	856
HOLDER	34,818 	0.014	857
STARK	34,818 	0.014	858
FERRELL	34,818 	0.014	859
CANTRELL	34,818 	0.014	860
FULTON	34,818 	0.014	861
LYNN	34,818 	0.014	862
LOTT	34,818 	0.014	863
CALDERON	34,818 	0.014	864
ROSA	34,818 	0.014	865
POLLARD	34,818 	0.014	866
HOOPER	34,818 	0.014	867
BURCH	34,818 	0.014	868
MULLEN	34,818 	0.014	869
FRY	34,818 	0.014	870
RIDDLE	34,818 	0.014	871
LEVY	34,818 	0.014	872
DAVID	34,818 	0.014	873
DUKE	34,818 	0.014	874
ODONNELL	34,818 	0.014	875
GUY	34,818 	0.014	876
MICHAEL	34,818 	0.014	877
BRITT	34,818 	0.014	878
FREDERICK	34,818 	0.014	879
DAUGHERTY	34,818 	0.014	880
BERGER	34,818 	0.014	881
DILLARD	34,818 	0.014	882
ALSTON	34,818 	0.014	883
JARVIS	34,818 	0.014	884
FRYE	34,818 	0.014	885
RIGGS	34,818 	0.014	886
CHANEY	34,818 	0.014	887
ODOM	32,331 	0.013	888
DUFFY	32,331 	0.013	889
FITZPATRICK	32,331 	0.013	890
VALENZUELA	32,331 	0.013	891
MERRILL	32,331 	0.013	892
MAYER	32,331 	0.013	893
ALFORD	32,331 	0.013	894
MCPHERSON	32,331 	0.013	895
ACEVEDO	32,331 	0.013	896
DONOVAN	32,331 	0.013	897
BARRERA	32,331 	0.013	898
ALBERT	32,331 	0.013	899
COTE	32,331 	0.013	900
REILLY	32,331 	0.013	901
COMPTON	32,331 	0.013	902
RAYMOND	32,331 	0.013	903
MOONEY	32,331 	0.013	904
MCGOWAN	32,331 	0.013	905
CRAFT	32,331 	0.013	906
CLEVELAND	32,331 	0.013	907
CLEMONS	32,331 	0.013	908
WYNN	32,331 	0.013	909
NIELSEN	32,331 	0.013	910
BAIRD	32,331 	0.013	911
STANTON	32,331 	0.013	912
SNIDER	32,331 	0.013	913
ROSALES	32,331 	0.013	914
BRIGHT	32,331 	0.013	915
WITT	32,331 	0.013	916
STUART	32,331 	0.013	917
HAYS	32,331 	0.013	918
HOLDEN	32,331 	0.013	919
RUTLEDGE	32,331 	0.013	920
KINNEY	32,331 	0.013	921
CLEMENTS	32,331 	0.013	922
CASTANEDA	32,331 	0.013	923
SLATER	32,331 	0.013	924
HAHN	32,331 	0.013	925
EMERSON	32,331 	0.013	926
CONRAD	32,331 	0.013	927
BURKS	32,331 	0.013	928
DELANEY	32,331 	0.013	929
PATE	32,331 	0.013	930
LANCASTER	32,331 	0.013	931
SWEET	32,331 	0.013	932
JUSTICE	32,331 	0.013	933
TYSON	32,331 	0.013	934
SHARPE	32,331 	0.013	935
WHITFIELD	32,331 	0.013	936
TALLEY	32,331 	0.013	937
MACIAS	32,331 	0.013	938
IRWIN	32,331 	0.013	939
BURRIS	32,331 	0.013	940
RATLIFF	32,331 	0.013	941
MCCRAY	32,331 	0.013	942
MADDEN	32,331 	0.013	943
KAUFMAN	32,331 	0.013	944
BEACH	32,331 	0.013	945
GOFF	32,331 	0.013	946
CASH	32,331 	0.013	947
BOLTON	32,331 	0.013	948
MCFADDEN	32,331 	0.013	949
LEVINE	32,331 	0.013	950
GOOD	32,331 	0.013	951
BYERS	32,331 	0.013	952
KIRKLAND	32,331 	0.013	953
KIDD	32,331 	0.013	954
WORKMAN	32,331 	0.013	955
CARNEY	32,331 	0.013	956
DALE	32,331 	0.013	957
MCLEOD	32,331 	0.013	958
HOLCOMB	32,331 	0.013	959
ENGLAND	32,331 	0.013	960
FINCH	32,331 	0.013	961
HEAD	29,844 	0.012	962
BURT	29,844 	0.012	963
HENDRIX	29,844 	0.012	964
SOSA	29,844 	0.012	965
HANEY	29,844 	0.012	966
FRANKS	29,844 	0.012	967
SARGENT	29,844 	0.012	968
NIEVES	29,844 	0.012	969
DOWNS	29,844 	0.012	970
RASMUSSEN	29,844 	0.012	971
BIRD	29,844 	0.012	972
HEWITT	29,844 	0.012	973
LINDSAY	29,844 	0.012	974
LE	29,844 	0.012	975
FOREMAN	29,844 	0.012	976
VALENCIA	29,844 	0.012	977
ONEIL	29,844 	0.012	978
DELACRUZ	29,844 	0.012	979
VINSON	29,844 	0.012	980
DEJESUS	29,844 	0.012	981
HYDE	29,844 	0.012	982
FORBES	29,844 	0.012	983
GILLIAM	29,844 	0.012	984
GUTHRIE	29,844 	0.012	985
WOOTEN	29,844 	0.012	986
HUBER	29,844 	0.012	987
BARLOW	29,844 	0.012	988
BOYLE	29,844 	0.012	989
MCMAHON	29,844 	0.012	990
BUCKNER	29,844 	0.012	991
ROCHA	29,844 	0.012	992
PUCKETT	29,844 	0.012	993
LANGLEY	29,844 	0.012	994
KNOWLES	29,844 	0.012	995
COOKE	29,844 	0.012	996
VELAZQUEZ	29,844 	0.012	997
WHITLEY	29,844 	0.012	998
NOEL	29,844 	0.012	999
VANG	29,844 	0.012	1000
SHEA	29,844 	0.012	1001
ROUSE	29,844 	0.012	1002
HARTLEY	29,844 	0.012	1003
MAYFIELD	29,844 	0.012	1004
ELDER	29,844 	0.012	1005
RANKIN	29,844 	0.012	1006
HANNA	29,844 	0.012	1007
COWAN	29,844 	0.012	1008
LUCERO	29,844 	0.012	1009
ARROYO	29,844 	0.012	1010
SLAUGHTER	29,844 	0.012	1011
HAAS	29,844 	0.012	1012
OCONNELL	29,844 	0.012	1013
MINOR	29,844 	0.012	1014
KENDRICK	29,844 	0.012	1015
SHIRLEY	29,844 	0.012	1016
KENDALL	29,844 	0.012	1017
BOUCHER	29,844 	0.012	1018
ARCHER	29,844 	0.012	1019
BOGGS	29,844 	0.012	1020
ODELL	29,844 	0.012	1021
DOUGHERTY	29,844 	0.012	1022
ANDERSEN	29,844 	0.012	1023
NEWELL	29,844 	0.012	1024
CROWE	29,844 	0.012	1025
WANG	29,844 	0.012	1026
FRIEDMAN	29,844 	0.012	1027
BLAND	29,844 	0.012	1028
SWAIN	29,844 	0.012	1029
HOLLEY	29,844 	0.012	1030
FELIX	29,844 	0.012	1031
PEARCE	29,844 	0.012	1032
CHILDS	29,844 	0.012	1033
YARBROUGH	29,844 	0.012	1034
GALVAN	29,844 	0.012	1035
PROCTOR	29,844 	0.012	1036
MEEKS	29,844 	0.012	1037
LOZANO	29,844 	0.012	1038
MORA	29,844 	0.012	1039
RANGEL	29,844 	0.012	1040
BACON	29,844 	0.012	1041
VILLANUEVA	29,844 	0.012	1042
SCHAEFER	29,844 	0.012	1043
ROSADO	29,844 	0.012	1044
HELMS	29,844 	0.012	1045
BOYCE	29,844 	0.012	1046
GOSS	29,844 	0.012	1047
STINSON	27,357 	0.011	1048
SMART	27,357 	0.011	1049
LAKE	27,357 	0.011	1050
IBARRA	27,357 	0.011	1051
HUTCHINS	27,357 	0.011	1052
COVINGTON	27,357 	0.011	1053
REYNA	27,357 	0.011	1054
GREGG	27,357 	0.011	1055
WERNER	27,357 	0.011	1056
CROWLEY	27,357 	0.011	1057
HATCHER	27,357 	0.011	1058
MACKEY	27,357 	0.011	1059
BUNCH	27,357 	0.011	1060
WOMACK	27,357 	0.011	1061
POLK	27,357 	0.011	1062
JAMISON	27,357 	0.011	1063
DODD	27,357 	0.011	1064
CHILDRESS	27,357 	0.011	1065
CHILDERS	27,357 	0.011	1066
CAMP	27,357 	0.011	1067
VILLA	27,357 	0.011	1068
DYE	27,357 	0.011	1069
SPRINGER	27,357 	0.011	1070
MAHONEY	27,357 	0.011	1071
DAILEY	27,357 	0.011	1072
BELCHER	27,357 	0.011	1073
LOCKHART	27,357 	0.011	1074
GRIGGS	27,357 	0.011	1075
COSTA	27,357 	0.011	1076
CONNOR	27,357 	0.011	1077
BRANDT	27,357 	0.011	1078
WINTER	27,357 	0.011	1079
WALDEN	27,357 	0.011	1080
MOSER	27,357 	0.011	1081
TRACY	27,357 	0.011	1082
TATUM	27,357 	0.011	1083
MCCANN	27,357 	0.011	1084
AKERS	27,357 	0.011	1085
LUTZ	27,357 	0.011	1086
PRYOR	27,357 	0.011	1087
LAW	27,357 	0.011	1088
OROZCO	27,357 	0.011	1089
MCALLISTER	27,357 	0.011	1090
LUGO	27,357 	0.011	1091
DAVIES	27,357 	0.011	1092
SHOEMAKER	27,357 	0.011	1093
MADISON	27,357 	0.011	1094
RUTHERFORD	27,357 	0.011	1095
NEWSOME	27,357 	0.011	1096
MAGEE	27,357 	0.011	1097
CHAMBERLAIN	27,357 	0.011	1098
BLANTON	27,357 	0.011	1099
SIMMS	27,357 	0.011	1100
GODFREY	27,357 	0.011	1101
FLANAGAN	27,357 	0.011	1102
CRUM	27,357 	0.011	1103
CORDOVA	27,357 	0.011	1104
ESCOBAR	27,357 	0.011	1105
DOWNING	27,357 	0.011	1106
SINCLAIR	27,357 	0.011	1107
DONAHUE	27,357 	0.011	1108
KRUEGER	27,357 	0.011	1109
MCGINNIS	27,357 	0.011	1110
GORE	27,357 	0.011	1111
FARRIS	27,357 	0.011	1112
WEBBER	27,357 	0.011	1113
CORBETT	27,357 	0.011	1114
ANDRADE	27,357 	0.011	1115
STARR	27,357 	0.011	1116
LYON	27,357 	0.011	1117
YODER	27,357 	0.011	1118
HASTINGS	27,357 	0.011	1119
MCGRATH	27,357 	0.011	1120
SPIVEY	27,357 	0.011	1121
KRAUSE	27,357 	0.011	1122
HARDEN	27,357 	0.011	1123
CRABTREE	27,357 	0.011	1124
KIRKPATRICK	27,357 	0.011	1125
HOLLIS	27,357 	0.011	1126
BRANDON	27,357 	0.011	1127
ARRINGTON	27,357 	0.011	1128
ERVIN	27,357 	0.011	1129
CLIFTON	27,357 	0.011	1130
RITTER	27,357 	0.011	1131
MCGHEE	27,357 	0.011	1132
BOLDEN	27,357 	0.011	1133
MALONEY	27,357 	0.011	1134
GAGNON	27,357 	0.011	1135
DUNBAR	27,357 	0.011	1136
PONCE	27,357 	0.011	1137
PIKE	27,357 	0.011	1138
MAYES	27,357 	0.011	1139
HEARD	27,357 	0.011	1140
BEATTY	27,357 	0.011	1141
MOBLEY	27,357 	0.011	1142
KIMBALL	27,357 	0.011	1143
BUTTS	27,357 	0.011	1144
MONTES	27,357 	0.011	1145
HERBERT	27,357 	0.011	1146
GRADY	27,357 	0.011	1147
ELDRIDGE	27,357 	0.011	1148
BRAUN	27,357 	0.011	1149
HAMM	27,357 	0.011	1150
GIBBONS	27,357 	0.011	1151
SEYMOUR	27,357 	0.011	1152
MOYER	27,357 	0.011	1153
MANLEY	27,357 	0.011	1154
HERRON	27,357 	0.011	1155
PLUMMER	27,357 	0.011	1156
ELMORE	27,357 	0.011	1157
CRAMER	27,357 	0.011	1158
GARY	27,357 	0.011	1159
RUCKER	27,357 	0.011	1160
HILTON	27,357 	0.011	1161
BLUE	27,357 	0.011	1162
PIERSON	27,357 	0.011	1163
FONTENOT	27,357 	0.011	1164
FIELD	27,357 	0.011	1165
RUBIO	27,357 	0.011	1166
GRACE	27,357 	0.011	1167
GOLDSTEIN	27,357 	0.011	1168
ELKINS	27,357 	0.011	1169
WILLS	24,870 	0.01	1170
NOVAK	24,870 	0.01	1171
JOHN	24,870 	0.01	1172
HICKEY	24,870 	0.01	1173
WORLEY	24,870 	0.01	1174
GORMAN	24,870 	0.01	1175
KATZ	24,870 	0.01	1176
DICKINSON	24,870 	0.01	1177
BROUSSARD	24,870 	0.01	1178
FRITZ	24,870 	0.01	1179
WOODRUFF	24,870 	0.01	1180
CROW	24,870 	0.01	1181
CHRISTOPHER	24,870 	0.01	1182
BRITTON	24,870 	0.01	1183
FORREST	24,870 	0.01	1184
NANCE	24,870 	0.01	1185
LEHMAN	24,870 	0.01	1186
BINGHAM	24,870 	0.01	1187
ZUNIGA	24,870 	0.01	1188
WHALEY	24,870 	0.01	1189
SHAFER	24,870 	0.01	1190
COFFMAN	24,870 	0.01	1191
STEWARD	24,870 	0.01	1192
DELAROSA	24,870 	0.01	1193
NIX	24,870 	0.01	1194
NEELY	24,870 	0.01	1195
NUMBERS	24,870 	0.01	1196
MATA	24,870 	0.01	1197
MANUEL	24,870 	0.01	1198
DAVILA	24,870 	0.01	1199
MCCABE	24,870 	0.01	1200
KESSLER	24,870 	0.01	1201
EMERY	24,870 	0.01	1202
BOWLING	24,870 	0.01	1203
HINKLE	24,870 	0.01	1204
WELSH	24,870 	0.01	1205
PAGAN	24,870 	0.01	1206
GOLDBERG	24,870 	0.01	1207
GOINS	24,870 	0.01	1208
CROUCH	24,870 	0.01	1209
CUEVAS	24,870 	0.01	1210
QUINONES	24,870 	0.01	1211
MCDERMOTT	24,870 	0.01	1212
HENDRICKSON	24,870 	0.01	1213
SAMUELS	24,870 	0.01	1214
DENTON	24,870 	0.01	1215
BERGERON	24,870 	0.01	1216
LAM	24,870 	0.01	1217
IVEY	24,870 	0.01	1218
LOCKE	24,870 	0.01	1219
HAINES	24,870 	0.01	1220
THURMAN	24,870 	0.01	1221
SNELL	24,870 	0.01	1222
HOSKINS	24,870 	0.01	1223
BYRNE	24,870 	0.01	1224
MILTON	24,870 	0.01	1225
WINSTON	24,870 	0.01	1226
ARTHUR	24,870 	0.01	1227
ARIAS	24,870 	0.01	1228
STANFORD	24,870 	0.01	1229
ROE	24,870 	0.01	1230
CORBIN	24,870 	0.01	1231
BELTRAN	24,870 	0.01	1232
CHAPPELL	24,870 	0.01	1233
HURT	24,870 	0.01	1234
DOWNEY	24,870 	0.01	1235
DOOLEY	24,870 	0.01	1236
TUTTLE	24,870 	0.01	1237
COUCH	24,870 	0.01	1238
PAYTON	24,870 	0.01	1239
MCELROY	24,870 	0.01	1240
CROCKETT	24,870 	0.01	1241
GROVES	24,870 	0.01	1242
CLEMENT	24,870 	0.01	1243
LESLIE	24,870 	0.01	1244
CARTWRIGHT	24,870 	0.01	1245
DICKEY	24,870 	0.01	1246
MCGILL	24,870 	0.01	1247
DUBOIS	24,870 	0.01	1248
MUNIZ	24,870 	0.01	1249
ERWIN	24,870 	0.01	1250
SELF	24,870 	0.01	1251
TOLBERT	24,870 	0.01	1252
DEMPSEY	24,870 	0.01	1253
CISNEROS	24,870 	0.01	1254
SEWELL	24,870 	0.01	1255
LATHAM	24,870 	0.01	1256
GARLAND	24,870 	0.01	1257
VIGIL	24,870 	0.01	1258
TAPIA	24,870 	0.01	1259
STERLING	24,870 	0.01	1260
RAINEY	24,870 	0.01	1261
NORWOOD	24,870 	0.01	1262
LACY	24,870 	0.01	1263
STROUD	24,870 	0.01	1264
MEADE	24,870 	0.01	1265
AMOS	24,870 	0.01	1266
TIPTON	24,870 	0.01	1267
LORD	24,870 	0.01	1268
KUHN	24,870 	0.01	1269
HILLIARD	24,870 	0.01	1270
BONILLA	24,870 	0.01	1271
TEAGUE	24,870 	0.01	1272
COURTNEY	24,870 	0.01	1273
GUNN	24,870 	0.01	1274
HO	24,870 	0.01	1275
GREENWOOD	24,870 	0.01	1276
CORREA	24,870 	0.01	1277
REECE	24,870 	0.01	1278
WESTON	24,870 	0.01	1279
POE	24,870 	0.01	1280
TRENT	24,870 	0.01	1281
PINEDA	24,870 	0.01	1282
PHIPPS	24,870 	0.01	1283
FREY	24,870 	0.01	1284
KAISER	24,870 	0.01	1285
AMES	24,870 	0.01	1286
PAIGE	24,870 	0.01	1287
GUNTER	24,870 	0.01	1288
SCHMITT	24,870 	0.01	1289
MILLIGAN	24,870 	0.01	1290
ESPINOSA	24,870 	0.01	1291
CARLTON	24,870 	0.01	1292
BOWDEN	24,870 	0.01	1293
VICKERS	24,870 	0.01	1294
LOWRY	24,870 	0.01	1295
PRITCHARD	24,870 	0.01	1296
COSTELLO	24,870 	0.01	1297
PIPER	22,383 	0.009	1298
MCCLELLAN	22,383 	0.009	1299
LOVELL	22,383 	0.009	1300
DREW	22,383 	0.009	1301
SHEEHAN	22,383 	0.009	1302
QUICK	22,383 	0.009	1303
HATCH	22,383 	0.009	1304
DOBSON	22,383 	0.009	1305
SINGH	22,383 	0.009	1306
JEFFRIES	22,383 	0.009	1307
HOLLINGSWORTH	22,383 	0.009	1308
SORENSEN	22,383 	0.009	1309
MEZA	22,383 	0.009	1310
FINK	22,383 	0.009	1311
DONNELLY	22,383 	0.009	1312
BURRELL	22,383 	0.009	1313
BRUNO	22,383 	0.009	1314
TOMLINSON	22,383 	0.009	1315
COLBERT	22,383 	0.009	1316
BILLINGS	22,383 	0.009	1317
RITCHIE	22,383 	0.009	1318
HELTON	22,383 	0.009	1319
SUTHERLAND	22,383 	0.009	1320
PEOPLES	22,383 	0.009	1321
MCQUEEN	22,383 	0.009	1322
GASTON	22,383 	0.009	1323
THOMASON	22,383 	0.009	1324
MCKINLEY	22,383 	0.009	1325
GIVENS	22,383 	0.009	1326
CROCKER	22,383 	0.009	1327
VOGEL	22,383 	0.009	1328
ROBISON	22,383 	0.009	1329
DUNHAM	22,383 	0.009	1330
COKER	22,383 	0.009	1331
SWARTZ	22,383 	0.009	1332
KEYS	22,383 	0.009	1333
LILLY	22,383 	0.009	1334
LADNER	22,383 	0.009	1335
HANNAH	22,383 	0.009	1336
WILLARD	22,383 	0.009	1337
RICHTER	22,383 	0.009	1338
HARGROVE	22,383 	0.009	1339
EDMONDS	22,383 	0.009	1340
BRANTLEY	22,383 	0.009	1341
ALBRIGHT	22,383 	0.009	1342
MURDOCK	22,383 	0.009	1343
BOSWELL	22,383 	0.009	1344
MULLER	22,383 	0.009	1345
QUINTERO	22,383 	0.009	1346
PADGETT	22,383 	0.009	1347
KENNEY	22,383 	0.009	1348
DALY	22,383 	0.009	1349
CONNOLLY	22,383 	0.009	1350
PIERRE	22,383 	0.009	1351
INMAN	22,383 	0.009	1352
QUINTANA	22,383 	0.009	1353
LUND	22,383 	0.009	1354
BARNARD	22,383 	0.009	1355
VILLEGAS	22,383 	0.009	1356
SIMONS	22,383 	0.009	1357
LAND	22,383 	0.009	1358
HUGGINS	22,383 	0.009	1359
TIDWELL	22,383 	0.009	1360
SANDERSON	22,383 	0.009	1361
BULLARD	22,383 	0.009	1362
MCCLENDON	22,383 	0.009	1363
DUARTE	22,383 	0.009	1364
DRAPER	22,383 	0.009	1365
MEREDITH	22,383 	0.009	1366
MARRERO	22,383 	0.009	1367
DWYER	22,383 	0.009	1368
ABRAMS	22,383 	0.009	1369
STOVER	22,383 	0.009	1370
GOODE	22,383 	0.009	1371
FRASER	22,383 	0.009	1372
CREWS	22,383 	0.009	1373
BERNAL	22,383 	0.009	1374
SMILEY	22,383 	0.009	1375
GODWIN	22,383 	0.009	1376
FISH	22,383 	0.009	1377
CONKLIN	22,383 	0.009	1378
MCNEAL	22,383 	0.009	1379
BACA	22,383 	0.009	1380
ESPARZA	22,383 	0.009	1381
CROWDER	22,383 	0.009	1382
BOWER	22,383 	0.009	1383
NICHOLAS	22,383 	0.009	1384
CHUNG	22,383 	0.009	1385
BREWSTER	22,383 	0.009	1386
MCNEILL	22,383 	0.009	1387
DICK	22,383 	0.009	1388
RODRIGUES	22,383 	0.009	1389
LEAL	22,383 	0.009	1390
COATES	22,383 	0.009	1391
RAINES	22,383 	0.009	1392
MCCAIN	22,383 	0.009	1393
MCCORD	22,383 	0.009	1394
MINER	22,383 	0.009	1395
HOLBROOK	22,383 	0.009	1396
SWIFT	22,383 	0.009	1397
DUKES	22,383 	0.009	1398
CARLISLE	22,383 	0.009	1399
ALDRIDGE	22,383 	0.009	1400
ACKERMAN	22,383 	0.009	1401
STARKS	22,383 	0.009	1402
RICKS	22,383 	0.009	1403
HOLLIDAY	22,383 	0.009	1404
FERRIS	22,383 	0.009	1405
HAIRSTON	22,383 	0.009	1406
SHEFFIELD	22,383 	0.009	1407
LANGE	22,383 	0.009	1408
FOUNTAIN	22,383 	0.009	1409
MARINO	22,383 	0.009	1410
DOSS	22,383 	0.009	1411
BETTS	22,383 	0.009	1412
KAPLAN	22,383 	0.009	1413
CARMICHAEL	22,383 	0.009	1414
BLOOM	22,383 	0.009	1415
RUFFIN	22,383 	0.009	1416
PENN	22,383 	0.009	1417
KERN	22,383 	0.009	1418
BOWLES	22,383 	0.009	1419
SIZEMORE	22,383 	0.009	1420
LARKIN	22,383 	0.009	1421
DUPREE	22,383 	0.009	1422
JEWELL	22,383 	0.009	1423
SILVER	22,383 	0.009	1424
SEALS	22,383 	0.009	1425
METCALF	22,383 	0.009	1426
HUTCHISON	22,383 	0.009	1427
HENLEY	22,383 	0.009	1428
FARR	22,383 	0.009	1429
CASTLE	22,383 	0.009	1430
MCCAULEY	22,383 	0.009	1431
HANKINS	22,383 	0.009	1432
GUSTAFSON	22,383 	0.009	1433
DEAL	22,383 	0.009	1434
CURRAN	22,383 	0.009	1435
ASH	22,383 	0.009	1436
WADDELL	22,383 	0.009	1437
RAMEY	22,383 	0.009	1438
CATES	22,383 	0.009	1439
POLLOCK	22,383 	0.009	1440
MAJOR	22,383 	0.009	1441
IRVIN	22,383 	0.009	1442
CUMMINS	22,383 	0.009	1443
MESSER	22,383 	0.009	1444
HELLER	22,383 	0.009	1445
DEWITT	22,383 	0.009	1446
LIN	22,383 	0.009	1447
FUNK	22,383 	0.009	1448
CORNETT	22,383 	0.009	1449
PALACIOS	22,383 	0.009	1450
GALINDO	22,383 	0.009	1451
CANO	22,383 	0.009	1452
HATHAWAY	22,383 	0.009	1453
SINGER	19,896 	0.008	1454
PHAM	19,896 	0.008	1455
ENRIQUEZ	19,896 	0.008	1456
AARON	19,896 	0.008	1457
SALGADO	19,896 	0.008	1458
PELLETIER	19,896 	0.008	1459
PAINTER	19,896 	0.008	1460
WISEMAN	19,896 	0.008	1461
BLOUNT	19,896 	0.008	1462
HAND	19,896 	0.008	1463
FELICIANO	19,896 	0.008	1464
TEMPLE	19,896 	0.008	1465
HOUSER	19,896 	0.008	1466
DOHERTY	19,896 	0.008	1467
MEAD	19,896 	0.008	1468
MCGRAW	19,896 	0.008	1469
TONEY	19,896 	0.008	1470
SWAN	19,896 	0.008	1471
MELVIN	19,896 	0.008	1472
CAPPS	19,896 	0.008	1473
BLANCO	19,896 	0.008	1474
BLACKMON	19,896 	0.008	1475
WESLEY	19,896 	0.008	1476
THOMSON	19,896 	0.008	1477
MCMANUS	19,896 	0.008	1478
FAIR	19,896 	0.008	1479
BURKETT	19,896 	0.008	1480
POST	19,896 	0.008	1481
GLEASON	19,896 	0.008	1482
RUDOLPH	19,896 	0.008	1483
OTT	19,896 	0.008	1484
DICKENS	19,896 	0.008	1485
CORMIER	19,896 	0.008	1486
VOSS	19,896 	0.008	1487
RUSHING	19,896 	0.008	1488
ROSENBERG	19,896 	0.008	1489
HURD	19,896 	0.008	1490
DUMAS	19,896 	0.008	1491
BENITEZ	19,896 	0.008	1492
ARELLANO	19,896 	0.008	1493
STORY	19,896 	0.008	1494
MARIN	19,896 	0.008	1495
CAUDILL	19,896 	0.008	1496
BRAGG	19,896 	0.008	1497
JARAMILLO	19,896 	0.008	1498
HUERTA	19,896 	0.008	1499
GIPSON	19,896 	0.008	1500
COLVIN	19,896 	0.008	1501
BIGGS	19,896 	0.008	1502
VELA	19,896 	0.008	1503
PLATT	19,896 	0.008	1504
CASSIDY	19,896 	0.008	1505
TOMPKINS	19,896 	0.008	1506
MCCOLLUM	19,896 	0.008	1507
KAY	19,896 	0.008	1508
GABRIEL	19,896 	0.008	1509
DOLAN	19,896 	0.008	1510
DALEY	19,896 	0.008	1511
CRUMP	19,896 	0.008	1512
STREET	19,896 	0.008	1513
SNEED	19,896 	0.008	1514
KILGORE	19,896 	0.008	1515
GROVE	19,896 	0.008	1516
GRIMM	19,896 	0.008	1517
DAVISON	19,896 	0.008	1518
BRUNSON	19,896 	0.008	1519
PRATER	19,896 	0.008	1520
MARCUM	19,896 	0.008	1521
DEVINE	19,896 	0.008	1522
KYLE	19,896 	0.008	1523
DODGE	19,896 	0.008	1524
STRATTON	19,896 	0.008	1525
ROSAS	19,896 	0.008	1526
CHOI	19,896 	0.008	1527
TRIPP	19,896 	0.008	1528
LEDBETTER	19,896 	0.008	1529
LAY	19,896 	0.008	1530
HIGHTOWER	19,896 	0.008	1531
HAYWOOD	19,896 	0.008	1532
FELDMAN	19,896 	0.008	1533
EPPS	19,896 	0.008	1534
YEAGER	19,896 	0.008	1535
POSEY	19,896 	0.008	1536
SYLVESTER	19,896 	0.008	1537
SCRUGGS	19,896 	0.008	1538
COPE	19,896 	0.008	1539
STUBBS	19,896 	0.008	1540
RICHEY	19,896 	0.008	1541
OVERTON	19,896 	0.008	1542
TROTTER	19,896 	0.008	1543
SPRAGUE	19,896 	0.008	1544
CORDERO	19,896 	0.008	1545
BUTCHER	19,896 	0.008	1546
BURGER	19,896 	0.008	1547
STILES	19,896 	0.008	1548
BURGOS	19,896 	0.008	1549
WOODSON	19,896 	0.008	1550
HORNER	19,896 	0.008	1551
BASSETT	19,896 	0.008	1552
PURCELL	19,896 	0.008	1553
HASKINS	19,896 	0.008	1554
GEE	19,896 	0.008	1555
AKINS	19,896 	0.008	1556
ABRAHAM	19,896 	0.008	1557
HOYT	19,896 	0.008	1558
ZIEGLER	19,896 	0.008	1559
SPAULDING	19,896 	0.008	1560
HADLEY	19,896 	0.008	1561
GRUBBS	19,896 	0.008	1562
SUMNER	19,896 	0.008	1563
MURILLO	19,896 	0.008	1564
ZAVALA	19,896 	0.008	1565
SHOOK	19,896 	0.008	1566
LOCKWOOD	19,896 	0.008	1567
JARRETT	19,896 	0.008	1568
DRISCOLL	19,896 	0.008	1569
DAHL	19,896 	0.008	1570
THORPE	19,896 	0.008	1571
SHERIDAN	19,896 	0.008	1572
REDMOND	19,896 	0.008	1573
PUTNAM	19,896 	0.008	1574
MCWILLIAMS	19,896 	0.008	1575
MCRAE	19,896 	0.008	1576
CORNELL	19,896 	0.008	1577
FELTON	19,896 	0.008	1578
ROMANO	19,896 	0.008	1579
JOINER	19,896 	0.008	1580
SADLER	19,896 	0.008	1581
HEDRICK	19,896 	0.008	1582
HAGER	19,896 	0.008	1583
HAGEN	19,896 	0.008	1584
FITCH	19,896 	0.008	1585
COULTER	19,896 	0.008	1586
THACKER	19,896 	0.008	1587
MANSFIELD	19,896 	0.008	1588
LANGSTON	19,896 	0.008	1589
GUIDRY	19,896 	0.008	1590
FERREIRA	19,896 	0.008	1591
CORLEY	19,896 	0.008	1592
CONN	19,896 	0.008	1593
ROSSI	19,896 	0.008	1594
LACKEY	19,896 	0.008	1595
CODY	19,896 	0.008	1596
BAEZ	19,896 	0.008	1597
SAENZ	19,896 	0.008	1598
MCNAMARA	19,896 	0.008	1599
DARNELL	19,896 	0.008	1600
MICHEL	19,896 	0.008	1601
MCMULLEN	19,896 	0.008	1602
MCKENNA	19,896 	0.008	1603
MCDONOUGH	19,896 	0.008	1604
LINK	19,896 	0.008	1605
ENGEL	19,896 	0.008	1606
BROWNE	19,896 	0.008	1607
ROPER	19,896 	0.008	1608
PEACOCK	19,896 	0.008	1609
EUBANKS	19,896 	0.008	1610
DRUMMOND	19,896 	0.008	1611
STRINGER	19,896 	0.008	1612
PRITCHETT	19,896 	0.008	1613
PARHAM	19,896 	0.008	1614
MIMS	19,896 	0.008	1615
LANDERS	19,896 	0.008	1616
HAM	19,896 	0.008	1617
GRAYSON	19,896 	0.008	1618
STACY	19,896 	0.008	1619
SCHAFER	19,896 	0.008	1620
EGAN	19,896 	0.008	1621
TIMMONS	19,896 	0.008	1622
OHARA	19,896 	0.008	1623
KEEN	19,896 	0.008	1624
HAMLIN	19,896 	0.008	1625
FINN	19,896 	0.008	1626
CORTES	19,896 	0.008	1627
MCNAIR	19,896 	0.008	1628
LOUIS	19,896 	0.008	1629
CLIFFORD	19,896 	0.008	1630
NADEAU	19,896 	0.008	1631
MOSELEY	19,896 	0.008	1632
MICHAUD	19,896 	0.008	1633
ROSEN	19,896 	0.008	1634
OAKES	19,896 	0.008	1635
KURTZ	19,896 	0.008	1636
JEFFERS	19,896 	0.008	1637
CALLOWAY	19,896 	0.008	1638
BEAL	19,896 	0.008	1639
BAUTISTA	19,896 	0.008	1640
WINN	19,896 	0.008	1641
SUGGS	19,896 	0.008	1642
STERN	19,896 	0.008	1643
STAPLETON	19,896 	0.008	1644
LYLES	19,896 	0.008	1645
LAIRD	19,896 	0.008	1646
MONTANO	19,896 	0.008	1647
DIAMOND	19,896 	0.008	1648
DAWKINS	19,896 	0.008	1649
ROLAND	19,896 	0.008	1650
HAGAN	19,896 	0.008	1651
GOLDMAN	19,896 	0.008	1652
BRYSON	19,896 	0.008	1653
BARAJAS	19,896 	0.008	1654
LOVETT	19,896 	0.008	1655
SEGURA	19,896 	0.008	1656
METZ	19,896 	0.008	1657
LOCKETT	19,896 	0.008	1658
LANGFORD	19,896 	0.008	1659
HINSON	19,896 	0.008	1660
EASTMAN	19,896 	0.008	1661
ROCK	19,896 	0.008	1662
HOOKS	19,896 	0.008	1663
WOODY	17,409 	0.007	1664
SMALLWOOD	17,409 	0.007	1665
SHAPIRO	17,409 	0.007	1666
CROWELL	17,409 	0.007	1667
WHALEN	17,409 	0.007	1668
TRIPLETT	17,409 	0.007	1669
HOOKER	17,409 	0.007	1670
CHATMAN	17,409 	0.007	1671
ALDRICH	17,409 	0.007	1672
CAHILL	17,409 	0.007	1673
YOUNGBLOOD	17,409 	0.007	1674
YBARRA	17,409 	0.007	1675
STALLINGS	17,409 	0.007	1676
SHEETS	17,409 	0.007	1677
SAMUEL	17,409 	0.007	1678
REEDER	17,409 	0.007	1679
PERSON	17,409 	0.007	1680
PACK	17,409 	0.007	1681
LACEY	17,409 	0.007	1682
CONNELLY	17,409 	0.007	1683
BATEMAN	17,409 	0.007	1684
ABERNATHY	17,409 	0.007	1685
WINKLER	17,409 	0.007	1686
WILKES	17,409 	0.007	1687
MASTERS	17,409 	0.007	1688
HACKETT	17,409 	0.007	1689
GRANGER	17,409 	0.007	1690
GILLIS	17,409 	0.007	1691
SCHMITZ	17,409 	0.007	1692
SAPP	17,409 	0.007	1693
NAPIER	17,409 	0.007	1694
SOUZA	17,409 	0.007	1695
LANIER	17,409 	0.007	1696
GOMES	17,409 	0.007	1697
WEIR	17,409 	0.007	1698
OTERO	17,409 	0.007	1699
LEDFORD	17,409 	0.007	1700
BURROUGHS	17,409 	0.007	1701
BABCOCK	17,409 	0.007	1702
VENTURA	17,409 	0.007	1703
SIEGEL	17,409 	0.007	1704
DUGAN	17,409 	0.007	1705
CLINTON	17,409 	0.007	1706
CHRISTIE	17,409 	0.007	1707
BLEDSOE	17,409 	0.007	1708
ATWOOD	17,409 	0.007	1709
WRAY	17,409 	0.007	1710
VARNER	17,409 	0.007	1711
SPANGLER	17,409 	0.007	1712
OTTO	17,409 	0.007	1713
ANAYA	17,409 	0.007	1714
STALEY	17,409 	0.007	1715
KRAFT	17,409 	0.007	1716
FOURNIER	17,409 	0.007	1717
EDDY	17,409 	0.007	1718
BELANGER	17,409 	0.007	1719
WOLFF	17,409 	0.007	1720
THORNE	17,409 	0.007	1721
BYNUM	17,409 	0.007	1722
BURNETTE	17,409 	0.007	1723
BOYKIN	17,409 	0.007	1724
SWENSON	17,409 	0.007	1725
PURVIS	17,409 	0.007	1726
PINA	17,409 	0.007	1727
KHAN	17,409 	0.007	1728
DUVALL	17,409 	0.007	1729
DARBY	17,409 	0.007	1730
XIONG	17,409 	0.007	1731
KAUFFMAN	17,409 	0.007	1732
ALI	17,409 	0.007	1733
YU	17,409 	0.007	1734
HEALY	17,409 	0.007	1735
ENGLE	17,409 	0.007	1736
CORONA	17,409 	0.007	1737
BENOIT	17,409 	0.007	1738
VALLE	17,409 	0.007	1739
STEINER	17,409 	0.007	1740
SPICER	17,409 	0.007	1741
SHAVER	17,409 	0.007	1742
RANDLE	17,409 	0.007	1743
LUNDY	17,409 	0.007	1744
DOW	17,409 	0.007	1745
CHIN	17,409 	0.007	1746
CALVERT	17,409 	0.007	1747
STATON	17,409 	0.007	1748
NEFF	17,409 	0.007	1749
KEARNEY	17,409 	0.007	1750
DARDEN	17,409 	0.007	1751
OAKLEY	17,409 	0.007	1752
MEDEIROS	17,409 	0.007	1753
MCCRACKEN	17,409 	0.007	1754
CRENSHAW	17,409 	0.007	1755
BLOCK	17,409 	0.007	1756
BEAVER	17,409 	0.007	1757
PERDUE	17,409 	0.007	1758
DILL	17,409 	0.007	1759
WHITTAKER	17,409 	0.007	1760
TOBIN	17,409 	0.007	1761
CORNELIUS	17,409 	0.007	1762
WASHBURN	17,409 	0.007	1763
HOGUE	17,409 	0.007	1764
GOODRICH	17,409 	0.007	1765
EASLEY	17,409 	0.007	1766
BRAVO	17,409 	0.007	1767
DENNISON	17,409 	0.007	1768
VERA	17,409 	0.007	1769
SHIPLEY	17,409 	0.007	1770
KERNS	17,409 	0.007	1771
JORGENSEN	17,409 	0.007	1772
CRAIN	17,409 	0.007	1773
ABEL	17,409 	0.007	1774
VILLALOBOS	17,409 	0.007	1775
MAURER	17,409 	0.007	1776
LONGORIA	17,409 	0.007	1777
KEENE	17,409 	0.007	1778
COON	17,409 	0.007	1779
SIERRA	17,409 	0.007	1780
WITHERSPOON	17,409 	0.007	1781
STAPLES	17,409 	0.007	1782
PETTIT	17,409 	0.007	1783
KINCAID	17,409 	0.007	1784
EASON	17,409 	0.007	1785
MADRID	17,409 	0.007	1786
ECHOLS	17,409 	0.007	1787
LUSK	17,409 	0.007	1788
WU	17,409 	0.007	1789
STAHL	17,409 	0.007	1790
CURRIE	17,409 	0.007	1791
THAYER	17,409 	0.007	1792
SHULTZ	17,409 	0.007	1793
SHERWOOD	17,409 	0.007	1794
MCNALLY	17,409 	0.007	1795
SEAY	17,409 	0.007	1796
NORTH	17,409 	0.007	1797
MAHER	17,409 	0.007	1798
KENNY	17,409 	0.007	1799
HOPE	17,409 	0.007	1800
GAGNE	17,409 	0.007	1801
BARROW	17,409 	0.007	1802
NAVA	17,409 	0.007	1803
MYLES	17,409 	0.007	1804
MORELAND	17,409 	0.007	1805
HONEYCUTT	17,409 	0.007	1806
HEARN	17,409 	0.007	1807
DIGGS	17,409 	0.007	1808
CARON	17,409 	0.007	1809
WHITTEN	17,409 	0.007	1810
WESTBROOK	17,409 	0.007	1811
STOVALL	17,409 	0.007	1812
RAGLAND	17,409 	0.007	1813
QUEEN	17,409 	0.007	1814
MUNSON	17,409 	0.007	1815
MEIER	17,409 	0.007	1816
LOONEY	17,409 	0.007	1817
KIMBLE	17,409 	0.007	1818
JOLLY	17,409 	0.007	1819
HOBSON	17,409 	0.007	1820
LONDON	17,409 	0.007	1821
GODDARD	17,409 	0.007	1822
CULVER	17,409 	0.007	1823
BURR	17,409 	0.007	1824
PRESLEY	17,409 	0.007	1825
NEGRON	17,409 	0.007	1826
CONNELL	17,409 	0.007	1827
TOVAR	17,409 	0.007	1828
MARCUS	17,409 	0.007	1829
HUDDLESTON	17,409 	0.007	1830
HAMMER	17,409 	0.007	1831
ASHBY	17,409 	0.007	1832
SALTER	17,409 	0.007	1833
ROOT	17,409 	0.007	1834
PENDLETON	17,409 	0.007	1835
OLEARY	17,409 	0.007	1836
NICKERSON	17,409 	0.007	1837
MYRICK	17,409 	0.007	1838
JUDD	17,409 	0.007	1839
JACOBSEN	17,409 	0.007	1840
ELLIOT	17,409 	0.007	1841
BAIN	17,409 	0.007	1842
ADAIR	17,409 	0.007	1843
STARNES	17,409 	0.007	1844
SHELDON	17,409 	0.007	1845
MATOS	17,409 	0.007	1846
LIGHT	17,409 	0.007	1847
BUSBY	17,409 	0.007	1848
HERNDON	17,409 	0.007	1849
HANLEY	17,409 	0.007	1850
BELLAMY	17,409 	0.007	1851
JACK	17,409 	0.007	1852
DOTY	17,409 	0.007	1853
BARTLEY	17,409 	0.007	1854
YAZZIE	17,409 	0.007	1855
ROWELL	17,409 	0.007	1856
PARSON	17,409 	0.007	1857
GIFFORD	17,409 	0.007	1858
CULLEN	17,409 	0.007	1859
CHRISTIANSEN	17,409 	0.007	1860
BENAVIDES	17,409 	0.007	1861
BARNHART	17,409 	0.007	1862
TALBOT	17,409 	0.007	1863
MOCK	17,409 	0.007	1864
CRANDALL	17,409 	0.007	1865
CONNORS	17,409 	0.007	1866
BONDS	17,409 	0.007	1867
WHITT	17,409 	0.007	1868
GAGE	17,409 	0.007	1869
BERGMAN	17,409 	0.007	1870
ARREDONDO	17,409 	0.007	1871
ADDISON	17,409 	0.007	1872
MARION	17,409 	0.007	1873
LUJAN	17,409 	0.007	1874
DOWDY	17,409 	0.007	1875
JERNIGAN	17,409 	0.007	1876
HUYNH	17,409 	0.007	1877
BOUCHARD	17,409 	0.007	1878
DUTTON	17,409 	0.007	1879
RHOADES	17,409 	0.007	1880
OUELLETTE	17,409 	0.007	1881
KISER	17,409 	0.007	1882
RUBIN	17,409 	0.007	1883
HERRINGTON	17,409 	0.007	1884
HARE	17,409 	0.007	1885
DENNY	17,409 	0.007	1886
BLACKMAN	17,409 	0.007	1887
BABB	17,409 	0.007	1888
ALLRED	17,409 	0.007	1889
RUDD	17,409 	0.007	1890
PAULSON	17,409 	0.007	1891
OGDEN	17,409 	0.007	1892
KOENIG	17,409 	0.007	1893
JACOB	17,409 	0.007	1894
IRVING	17,409 	0.007	1895
GEIGER	17,409 	0.007	1896
BEGAY	17,409 	0.007	1897
PARRA	17,409 	0.007	1898
CHAMPION	17,409 	0.007	1899
LASSITER	17,409 	0.007	1900
HAWK	17,409 	0.007	1901
ESPOSITO	17,409 	0.007	1902
CHO	17,409 	0.007	1903
WALDRON	17,409 	0.007	1904
VERNON	17,409 	0.007	1905
RANSOM	17,409 	0.007	1906
PRATHER	17,409 	0.007	1907
KEENAN	17,409 	0.007	1908
JEAN	17,409 	0.007	1909
GROVER	17,409 	0.007	1910
CHACON	17,409 	0.007	1911
VICK	17,409 	0.007	1912
SANDS	17,409 	0.007	1913
ROARK	17,409 	0.007	1914
PARR	17,409 	0.007	1915
MAYBERRY	17,409 	0.007	1916
GREENBERG	17,409 	0.007	1917
COLEY	17,409 	0.007	1918
BRUNER	17,409 	0.007	1919
WHITMAN	17,409 	0.007	1920
SKAGGS	17,409 	0.007	1921
SHIPMAN	17,409 	0.007	1922
MEANS	17,409 	0.007	1923
LEARY	17,409 	0.007	1924
HUTTON	17,409 	0.007	1925
ROMO	17,409 	0.007	1926
MEDRANO	17,409 	0.007	1927
LADD	17,409 	0.007	1928
KRUSE	17,409 	0.007	1929
FRIEND	17,409 	0.007	1930
DARLING	17,409 	0.007	1931
ASKEW	17,409 	0.007	1932
VALENTIN	17,409 	0.007	1933
SCHULZ	17,409 	0.007	1934
ALFARO	17,409 	0.007	1935
TABOR	17,409 	0.007	1936
MOHR	17,409 	0.007	1937
GALLO	17,409 	0.007	1938
BERMUDEZ	17,409 	0.007	1939
PEREIRA	17,409 	0.007	1940
ISAAC	17,409 	0.007	1941
BLISS	17,409 	0.007	1942
REAVES	14,922 	0.006	1943
FLINT	14,922 	0.006	1944
COMER	14,922 	0.006	1945
BOSTON	14,922 	0.006	1946
WOODALL	14,922 	0.006	1947
NAQUIN	14,922 	0.006	1948
GUEVARA	14,922 	0.006	1949
EARL	14,922 	0.006	1950
DELONG	14,922 	0.006	1951
CARRIER	14,922 	0.006	1952
PICKENS	14,922 	0.006	1953
BRAND	14,922 	0.006	1954
TILLEY	14,922 	0.006	1955
SCHAFFER	14,922 	0.006	1956
READ	14,922 	0.006	1957
LIM	14,922 	0.006	1958
KNUTSON	14,922 	0.006	1959
FENTON	14,922 	0.006	1960
DORAN	14,922 	0.006	1961
CHU	14,922 	0.006	1962
VOGT	14,922 	0.006	1963
VANN	14,922 	0.006	1964
PRESCOTT	14,922 	0.006	1965
MCLAIN	14,922 	0.006	1966
LANDIS	14,922 	0.006	1967
CORCORAN	14,922 	0.006	1968
AMBROSE	14,922 	0.006	1969
ZAPATA	14,922 	0.006	1970
HYATT	14,922 	0.006	1971
HEMPHILL	14,922 	0.006	1972
FAULK	14,922 	0.006	1973
CALL	14,922 	0.006	1974
DOVE	14,922 	0.006	1975
BOUDREAUX	14,922 	0.006	1976
ARAGON	14,922 	0.006	1977
WHITLOCK	14,922 	0.006	1978
TREJO	14,922 	0.006	1979
TACKETT	14,922 	0.006	1980
SHEARER	14,922 	0.006	1981
SALDANA	14,922 	0.006	1982
HANKS	14,922 	0.006	1983
GOLD	14,922 	0.006	1984
DRIVER	14,922 	0.006	1985
MCKINNON	14,922 	0.006	1986
KOEHLER	14,922 	0.006	1987
CHAMPAGNE	14,922 	0.006	1988
BOURGEOIS	14,922 	0.006	1989
POOL	14,922 	0.006	1990
KEYES	14,922 	0.006	1991
GOODSON	14,922 	0.006	1992
FOOTE	14,922 	0.006	1993
EARLY	14,922 	0.006	1994
LUNSFORD	14,922 	0.006	1995
GOLDSMITH	14,922 	0.006	1996
FLOOD	14,922 	0.006	1997
WINSLOW	14,922 	0.006	1998
SAMS	14,922 	0.006	1999
REAGAN	14,922 	0.006	2000
JAMES	3.318	4,840,833 	1
JOHN	3.271	4,772,262 	2
ROBERT	3.143	4,585,515 	3
MICHAEL	2.629	3,835,609 	4
WILLIAM	2.451	3,575,914 	5
DAVID	2.363	3,447,525 	6
RICHARD	1.703	2,484,611 	7
CHARLES	1.523	2,221,998 	8
JOSEPH	1.404	2,048,382 	9
THOMAS	1.38	2,013,366 	10
CHRISTOPHER	1.035	1,510,025 	11
DANIEL	0.974	1,421,028 	12
PAUL	0.948	1,383,095 	13
MARK	0.938	1,368,506 	14
DONALD	0.931	1,358,293 	15
GEORGE	0.927	1,352,457 	16
KENNETH	0.826	1,205,102 	17
STEVEN	0.78	1,137,990 	18
EDWARD	0.779	1,136,531 	19
BRIAN	0.736	1,073,795 	20
RONALD	0.725	1,057,747 	21
ANTHONY	0.721	1,051,911 	22
KEVIN	0.671	978,963 	23
JASON	0.66	962,914 	24
MATTHEW	0.657	958,538 	25
GARY	0.65	948,325 	26
TIMOTHY	0.64	933,735 	27
JOSE	0.613	894,343 	28
LARRY	0.598	872,459 	29
JEFFREY	0.591	862,246 	30
FRANK	0.581	847,656 	31
SCOTT	0.546	796,593 	32
ERIC	0.544	793,675 	33
STEPHEN	0.54	787,839 	34
ANDREW	0.537	783,462 	35
RAYMOND	0.488	711,973 	36
GREGORY	0.441	643,402 	37
JOSHUA	0.435	634,648 	38
JERRY	0.432	630,271 	39
DENNIS	0.415	605,469 	40
WALTER	0.399	582,126 	41
PATRICK	0.389	567,536 	42
PETER	0.381	555,864 	43
HAROLD	0.371	541,275 	44
DOUGLAS	0.367	535,439 	45
HENRY	0.365	532,521 	46
CARL	0.346	504,801 	47
ARTHUR	0.335	488,752 	48
RYAN	0.328	478,539 	49
ROGER	0.322	469,786 	50
JOE	0.321	468,327 	51
JUAN	0.316	461,032 	52
JACK	0.315	459,573 	53
ALBERT	0.314	458,114 	54
JONATHAN	0.313	456,655 	55
JUSTIN	0.311	453,737 	56
TERRY	0.311	453,737 	57
GERALD	0.309	450,819 	58
KEITH	0.308	449,360 	59
SAMUEL	0.306	446,442 	60
WILLIE	0.302	440,606 	61
RALPH	0.282	411,427 	62
LAWRENCE	0.282	411,427 	63
NICHOLAS	0.275	401,214 	64
ROY	0.273	398,296 	65
BENJAMIN	0.27	393,920 	66
BRUCE	0.263	383,707 	67
BRANDON	0.26	379,330 	68
ADAM	0.259	377,871 	69
HARRY	0.251	366,199 	70
FRED	0.251	366,199 	71
WAYNE	0.249	363,281 	72
BILLY	0.248	361,822 	73
STEVE	0.246	358,904 	74
LOUIS	0.243	354,528 	75
JEREMY	0.242	353,069 	76
AARON	0.24	350,151 	77
RANDY	0.232	338,479 	78
HOWARD	0.23	335,561 	79
EUGENE	0.23	335,561 	80
CARLOS	0.229	334,102 	81
RUSSELL	0.224	326,807 	82
BOBBY	0.223	325,348 	83
VICTOR	0.222	323,889 	84
MARTIN	0.216	315,136 	85
ERNEST	0.215	313,677 	86
PHILLIP	0.213	310,759 	87
TODD	0.213	310,759 	88
JESSE	0.209	304,923 	89
CRAIG	0.206	300,546 	90
ALAN	0.204	297,628 	91
SHAWN	0.2	291,792 	92
CLARENCE	0.197	287,415 	93
SEAN	0.197	287,415 	94
PHILIP	0.197	287,415 	95
CHRIS	0.197	287,415 	96
JOHNNY	0.195	284,497 	97
EARL	0.193	281,580 	98
JIMMY	0.191	278,662 	99
ANTONIO	0.19	277,203 	100
DANNY	0.19	277,203 	101
BRYAN	0.19	277,203 	102
TONY	0.19	277,203 	103
LUIS	0.189	275,744 	104
MIKE	0.189	275,744 	105
STANLEY	0.186	271,367 	106
LEONARD	0.186	271,367 	107
NATHAN	0.185	269,908 	108
DALE	0.184	268,449 	109
MANUEL	0.181	264,072 	110
RODNEY	0.18	262,613 	111
CURTIS	0.18	262,613 	112
NORMAN	0.177	258,236 	113
ALLEN	0.174	253,859 	114
MARVIN	0.171	249,482 	115
VINCENT	0.168	245,105 	116
GLENN	0.167	243,647 	117
JEFFERY	0.166	242,188 	118
TRAVIS	0.166	242,188 	119
JEFF	0.166	242,188 	120
CHAD	0.165	240,729 	121
JACOB	0.165	240,729 	122
LEE	0.162	236,352 	123
MELVIN	0.162	236,352 	124
ALFRED	0.162	236,352 	125
KYLE	0.16	233,434 	126
FRANCIS	0.16	233,434 	127
BRADLEY	0.159	231,975 	128
JESUS	0.155	226,139 	129
HERBERT	0.155	226,139 	130
FREDERICK	0.154	224,680 	131
RAY	0.153	223,221 	132
JOEL	0.152	221,762 	133
EDWIN	0.148	215,926 	134
DON	0.145	211,549 	135
EDDIE	0.144	210,090 	136
RICKY	0.141	205,714 	137
TROY	0.138	201,337 	138
RANDALL	0.138	201,337 	139
BARRY	0.134	195,501 	140
ALEXANDER	0.132	192,583 	141
BERNARD	0.127	185,288 	142
MARIO	0.125	182,370 	143
LEROY	0.125	182,370 	144
FRANCISCO	0.124	180,911 	145
MARCUS	0.124	180,911 	146
MICHEAL	0.123	179,452 	147
THEODORE	0.123	179,452 	148
CLIFFORD	0.123	179,452 	149
MIGUEL	0.122	177,993 	150
OSCAR	0.122	177,993 	151
JAY	0.118	172,157 	152
JIM	0.118	172,157 	153
TOM	0.117	170,698 	154
CALVIN	0.115	167,781 	155
ALEX	0.115	167,781 	156
JON	0.115	167,781 	157
RONNIE	0.113	164,863 	158
BILL	0.112	163,404 	159
LLOYD	0.112	163,404 	160
TOMMY	0.112	163,404 	161
LEON	0.112	163,404 	162
DEREK	0.112	163,404 	163
WARREN	0.11	160,486 	164
DARRELL	0.108	157,568 	165
JEROME	0.108	157,568 	166
FLOYD	0.107	156,109 	167
LEO	0.106	154,650 	168
ALVIN	0.105	153,191 	169
TIM	0.104	151,732 	170
WESLEY	0.104	151,732 	171
GORDON	0.104	151,732 	172
DEAN	0.104	151,732 	173
GREG	0.104	151,732 	174
JORGE	0.104	151,732 	175
DUSTIN	0.103	150,273 	176
PEDRO	0.103	150,273 	177
DERRICK	0.103	150,273 	178
DAN	0.101	147,355 	179
LEWIS	0.099	144,437 	180
ZACHARY	0.099	144,437 	181
COREY	0.098	142,978 	182
HERMAN	0.097	141,519 	183
MAURICE	0.097	141,519 	184
VERNON	0.097	141,519 	185
ROBERTO	0.097	141,519 	186
CLYDE	0.095	138,601 	187
GLEN	0.094	137,142 	188
HECTOR	0.094	137,142 	189
SHANE	0.093	135,683 	190
RICARDO	0.093	135,683 	191
SAM	0.092	134,224 	192
RICK	0.091	132,765 	193
LESTER	0.091	132,765 	194
BRENT	0.09	131,307 	195
RAMON	0.09	131,307 	196
CHARLIE	0.09	131,307 	197
TYLER	0.089	129,848 	198
GILBERT	0.089	129,848 	199
GENE	0.087	126,930 	200
MARC	0.087	126,930 	201
REGINALD	0.084	122,553 	202
RUBEN	0.082	119,635 	203
BRETT	0.082	119,635 	204
ANGEL	0.082	119,635 	205
NATHANIEL	0.081	118,176 	206
RAFAEL	0.081	118,176 	207
LESLIE	0.081	118,176 	208
EDGAR	0.08	116,717 	209
MILTON	0.08	116,717 	210
RAUL	0.079	115,258 	211
BEN	0.078	113,799 	212
CHESTER	0.078	113,799 	213
CECIL	0.078	113,799 	214
DUANE	0.077	112,340 	215
FRANKLIN	0.077	112,340 	216
ANDRE	0.076	110,881 	217
ELMER	0.074	107,963 	218
BRAD	0.073	106,504 	219
GABRIEL	0.073	106,504 	220
RON	0.072	105,045 	221
MITCHELL	0.072	105,045 	222
ROLAND	0.072	105,045 	223
ARNOLD	0.072	105,045 	224
HARVEY	0.072	105,045 	225
JARED	0.071	103,586 	226
ADRIAN	0.069	100,668 	227
KARL	0.069	100,668 	228
CORY	0.068	99,209 	229
CLAUDE	0.068	99,209 	230
ERIK	0.068	99,209 	231
DARRYL	0.067	97,750 	232
JAMIE	0.066	96,291 	233
NEIL	0.066	96,291 	234
JESSIE	0.065	94,832 	235
CHRISTIAN	0.065	94,832 	236
JAVIER	0.065	94,832 	237
FERNANDO	0.065	94,832 	238
CLINTON	0.065	94,832 	239
TED	0.064	93,374 	240
MATHEW	0.064	93,374 	241
TYRONE	0.064	93,374 	242
DARREN	0.064	93,374 	243
LONNIE	0.064	93,374 	244
LANCE	0.063	91,915 	245
CODY	0.063	91,915 	246
JULIO	0.063	91,915 	247
KELLY	0.063	91,915 	248
KURT	0.062	90,456 	249
ALLAN	0.061	88,997 	250
NELSON	0.061	88,997 	251
GUY	0.06	87,538 	252
CLAYTON	0.06	87,538 	253
HUGH	0.06	87,538 	254
MAX	0.059	86,079 	255
DWAYNE	0.059	86,079 	256
DWIGHT	0.058	84,620 	257
ARMANDO	0.058	84,620 	258
FELIX	0.058	84,620 	259
JIMMIE	0.058	84,620 	260
EVERETT	0.057	83,161 	261
JORDAN	0.056	81,702 	262
IAN	0.056	81,702 	263
WALLACE	0.056	81,702 	264
KEN	0.055	80,243 	265
BOB	0.055	80,243 	266
JAIME	0.055	80,243 	267
CASEY	0.054	78,784 	268
ALFREDO	0.054	78,784 	269
ALBERTO	0.053	77,325 	270
DAVE	0.053	77,325 	271
IVAN	0.053	77,325 	272
JOHNNIE	0.052	75,866 	273
SIDNEY	0.052	75,866 	274
BYRON	0.052	75,866 	275
JULIAN	0.052	75,866 	276
ISAAC	0.051	74,407 	277
MORRIS	0.051	74,407 	278
CLIFTON	0.05	72,948 	279
WILLARD	0.05	72,948 	280
DARYL	0.05	72,948 	281
ROSS	0.05	72,948 	282
VIRGIL	0.049	71,489 	283
ANDY	0.049	71,489 	284
MARSHALL	0.049	71,489 	285
SALVADOR	0.049	71,489 	286
PERRY	0.049	71,489 	287
KIRK	0.049	71,489 	288
SERGIO	0.049	71,489 	289
MARION	0.048	70,030 	290
TRACY	0.048	70,030 	291
SETH	0.048	70,030 	292
KENT	0.048	70,030 	293
TERRANCE	0.048	70,030 	294
RENE	0.048	70,030 	295
EDUARDO	0.047	68,571 	296
TERRENCE	0.047	68,571 	297
ENRIQUE	0.046	67,112 	298
FREDDIE	0.046	67,112 	299
WADE	0.045	65,653 	300
AUSTIN	0.044	64,194 	301
STUART	0.044	64,194 	302
FREDRICK	0.043	62,735 	303
ARTURO	0.043	62,735 	304
ALEJANDRO	0.043	62,735 	305
JACKIE	0.043	62,735 	306
JOEY	0.043	62,735 	307
NICK	0.043	62,735 	308
LUTHER	0.043	62,735 	309
WENDELL	0.042	61,276 	310
JEREMIAH	0.042	61,276 	311
EVAN	0.042	61,276 	312
JULIUS	0.042	61,276 	313
DANA	0.042	61,276 	314
DONNIE	0.041	59,817 	315
OTIS	0.041	59,817 	316
SHANNON	0.04	58,358 	317
TREVOR	0.04	58,358 	318
OLIVER	0.04	58,358 	319
LUKE	0.04	58,358 	320
HOMER	0.04	58,358 	321
GERARD	0.04	58,358 	322
DOUG	0.04	58,358 	323
KENNY	0.039	56,899 	324
HUBERT	0.039	56,899 	325
ANGELO	0.039	56,899 	326
SHAUN	0.039	56,899 	327
LYLE	0.038	55,441 	328
MATT	0.038	55,441 	329
LYNN	0.038	55,441 	330
ALFONSO	0.038	55,441 	331
ORLANDO	0.037	53,982 	332
REX	0.037	53,982 	333
CARLTON	0.037	53,982 	334
ERNESTO	0.037	53,982 	335
CAMERON	0.037	53,982 	336
NEAL	0.037	53,982 	337
PABLO	0.036	52,523 	338
LORENZO	0.036	52,523 	339
OMAR	0.036	52,523 	340
WILBUR	0.036	52,523 	341
BLAKE	0.036	52,523 	342
GRANT	0.036	52,523 	343
HORACE	0.036	52,523 	344
RODERICK	0.036	52,523 	345
KERRY	0.036	52,523 	346
ABRAHAM	0.035	51,064 	347
WILLIS	0.035	51,064 	348
RICKEY	0.035	51,064 	349
JEAN	0.035	51,064 	350
IRA	0.035	51,064 	351
ANDRES	0.034	49,605 	352
CESAR	0.034	49,605 	353
JOHNATHAN	0.034	49,605 	354
MALCOLM	0.034	49,605 	355
RUDOLPH	0.034	49,605 	356
DAMON	0.034	49,605 	357
KELVIN	0.034	49,605 	358
RUDY	0.034	49,605 	359
PRESTON	0.034	49,605 	360
ALTON	0.033	48,146 	361
ARCHIE	0.033	48,146 	362
MARCO	0.033	48,146 	363
WM	0.033	48,146 	364
PETE	0.032	46,687 	365
RANDOLPH	0.032	46,687 	366
GARRY	0.032	46,687 	367
GEOFFREY	0.032	46,687 	368
JONATHON	0.032	46,687 	369
FELIPE	0.032	46,687 	370
BENNIE	0.032	46,687 	371
GERARDO	0.032	46,687 	372
ED	0.032	46,687 	373
DOMINIC	0.032	46,687 	374
ROBIN	0.032	46,687 	375
LOREN	0.032	46,687 	376
DELBERT	0.031	45,228 	377
COLIN	0.031	45,228 	378
GUILLERMO	0.031	45,228 	379
EARNEST	0.031	45,228 	380
LUCAS	0.031	45,228 	381
BENNY	0.03	43,769 	382
NOEL	0.03	43,769 	383
SPENCER	0.03	43,769 	384
RODOLFO	0.03	43,769 	385
MYRON	0.03	43,769 	386
EDMUND	0.03	43,769 	387
GARRETT	0.029	42,310 	388
SALVATORE	0.029	42,310 	389
CEDRIC	0.029	42,310 	390
LOWELL	0.029	42,310 	391
GREGG	0.029	42,310 	392
SHERMAN	0.028	40,851 	393
WILSON	0.028	40,851 	394
DEVIN	0.028	40,851 	395
SYLVESTER	0.028	40,851 	396
KIM	0.028	40,851 	397
ROOSEVELT	0.028	40,851 	398
ISRAEL	0.028	40,851 	399
JERMAINE	0.028	40,851 	400
FORREST	0.027	39,392 	401
WILBERT	0.027	39,392 	402
LELAND	0.027	39,392 	403
SIMON	0.026	37,933 	404
GUADALUPE	0.026	37,933 	405
CLARK	0.026	37,933 	406
IRVING	0.026	37,933 	407
CARROLL	0.026	37,933 	408
BRYANT	0.026	37,933 	409
OWEN	0.026	37,933 	410
RUFUS	0.025	36,474 	411
WOODROW	0.025	36,474 	412
SAMMY	0.025	36,474 	413
KRISTOPHER	0.025	36,474 	414
MACK	0.025	36,474 	415
LEVI	0.025	36,474 	416
MARCOS	0.025	36,474 	417
GUSTAVO	0.025	36,474 	418
JAKE	0.025	36,474 	419
LIONEL	0.024	35,015 	420
MARTY	0.024	35,015 	421
TAYLOR	0.024	35,015 	422
ELLIS	0.024	35,015 	423
DALLAS	0.024	35,015 	424
GILBERTO	0.024	35,015 	425
CLINT	0.024	35,015 	426
NICOLAS	0.024	35,015 	427
LAURENCE	0.024	35,015 	428
ISMAEL	0.024	35,015 	429
ORVILLE	0.024	35,015 	430
DREW	0.024	35,015 	431
JODY	0.024	35,015 	432
ERVIN	0.023	33,556 	433
DEWEY	0.023	33,556 	434
AL	0.023	33,556 	435
WILFRED	0.023	33,556 	436
JOSH	0.023	33,556 	437
HUGO	0.023	33,556 	438
IGNACIO	0.023	33,556 	439
CALEB	0.023	33,556 	440
TOMAS	0.023	33,556 	441
SHELDON	0.023	33,556 	442
ERICK	0.023	33,556 	443
FRANKIE	0.023	33,556 	444
STEWART	0.022	32,097 	445
DOYLE	0.022	32,097 	446
DARREL	0.022	32,097 	447
ROGELIO	0.022	32,097 	448
TERENCE	0.022	32,097 	449
SANTIAGO	0.022	32,097 	450
ALONZO	0.022	32,097 	451
ELIAS	0.022	32,097 	452
BERT	0.022	32,097 	453
ELBERT	0.022	32,097 	454
RAMIRO	0.022	32,097 	455
CONRAD	0.022	32,097 	456
PAT	0.022	32,097 	457
NOAH	0.022	32,097 	458
GRADY	0.021	30,638 	459
PHIL	0.021	30,638 	460
CORNELIUS	0.021	30,638 	461
LAMAR	0.021	30,638 	462
ROLANDO	0.021	30,638 	463
CLAY	0.021	30,638 	464
PERCY	0.021	30,638 	465
DEXTER	0.021	30,638 	466
BRADFORD	0.021	30,638 	467
MERLE	0.021	30,638 	468
DARIN	0.02	29,179 	469
AMOS	0.02	29,179 	470
TERRELL	0.02	29,179 	471
MOSES	0.02	29,179 	472
IRVIN	0.02	29,179 	473
SAUL	0.02	29,179 	474
ROMAN	0.02	29,179 	475
DARNELL	0.02	29,179 	476
RANDAL	0.02	29,179 	477
TOMMIE	0.02	29,179 	478
TIMMY	0.019	27,720 	479
DARRIN	0.019	27,720 	480
WINSTON	0.019	27,720 	481
BRENDAN	0.019	27,720 	482
TOBY	0.019	27,720 	483
VAN	0.019	27,720 	484
ABEL	0.019	27,720 	485
DOMINICK	0.019	27,720 	486
BOYD	0.019	27,720 	487
COURTNEY	0.019	27,720 	488
JAN	0.019	27,720 	489
EMILIO	0.019	27,720 	490
ELIJAH	0.019	27,720 	491
CARY	0.019	27,720 	492
DOMINGO	0.019	27,720 	493
SANTOS	0.019	27,720 	494
AUBREY	0.019	27,720 	495
EMMETT	0.019	27,720 	496
MARLON	0.019	27,720 	497
EMANUEL	0.019	27,720 	498
JERALD	0.019	27,720 	499
EDMOND	0.019	27,720 	500
EMIL	0.019	27,720 	501
DEWAYNE	0.018	26,261 	502
WILL	0.018	26,261 	503
OTTO	0.018	26,261 	504
TEDDY	0.018	26,261 	505
REYNALDO	0.018	26,261 	506
BRET	0.018	26,261 	507
MORGAN	0.018	26,261 	508
JESS	0.018	26,261 	509
TRENT	0.018	26,261 	510
HUMBERTO	0.018	26,261 	511
EMMANUEL	0.018	26,261 	512
STEPHAN	0.018	26,261 	513
LOUIE	0.018	26,261 	514
VICENTE	0.017	24,802 	515
LAMONT	0.017	24,802 	516
STACY	0.017	24,802 	517
GARLAND	0.017	24,802 	518
MILES	0.017	24,802 	519
MICAH	0.017	24,802 	520
EFRAIN	0.017	24,802 	521
BILLIE	0.017	24,802 	522
LOGAN	0.017	24,802 	523
HEATH	0.017	24,802 	524
RODGER	0.017	24,802 	525
HARLEY	0.017	24,802 	526
DEMETRIUS	0.017	24,802 	527
ETHAN	0.017	24,802 	528
ELDON	0.017	24,802 	529
ROCKY	0.016	23,343 	530
PIERRE	0.016	23,343 	531
JUNIOR	0.016	23,343 	532
FREDDY	0.016	23,343 	533
ELI	0.016	23,343 	534
BRYCE	0.016	23,343 	535
ANTOINE	0.016	23,343 	536
ROBBIE	0.016	23,343 	537
KENDALL	0.016	23,343 	538
ROYCE	0.016	23,343 	539
STERLING	0.016	23,343 	540
MICKEY	0.016	23,343 	541
CHASE	0.016	23,343 	542
GROVER	0.016	23,343 	543
ELTON	0.016	23,343 	544
CLEVELAND	0.016	23,343 	545
DYLAN	0.016	23,343 	546
CHUCK	0.016	23,343 	547
DAMIAN	0.016	23,343 	548
REUBEN	0.015	21,884 	549
STAN	0.015	21,884 	550
AUGUST	0.015	21,884 	551
LEONARDO	0.015	21,884 	552
JASPER	0.015	21,884 	553
RUSSEL	0.015	21,884 	554
ERWIN	0.015	21,884 	555
BENITO	0.015	21,884 	556
HANS	0.015	21,884 	557
MONTE	0.015	21,884 	558
BLAINE	0.015	21,884 	559
ERNIE	0.015	21,884 	560
CURT	0.015	21,884 	561
QUENTIN	0.015	21,884 	562
AGUSTIN	0.015	21,884 	563
MURRAY	0.015	21,884 	564
JAMAL	0.014	20,425 	565
DEVON	0.014	20,425 	566
ADOLFO	0.014	20,425 	567
HARRISON	0.014	20,425 	568
TYSON	0.014	20,425 	569
BURTON	0.014	20,425 	570
BRADY	0.014	20,425 	571
ELLIOTT	0.014	20,425 	572
WILFREDO	0.014	20,425 	573
BART	0.014	20,425 	574
JARROD	0.014	20,425 	575
VANCE	0.014	20,425 	576
DENIS	0.014	20,425 	577
DAMIEN	0.014	20,425 	578
JOAQUIN	0.014	20,425 	579
HARLAN	0.014	20,425 	580
DESMOND	0.014	20,425 	581
ELLIOT	0.014	20,425 	582
DARWIN	0.014	20,425 	583
ASHLEY	0.014	20,425 	584
GREGORIO	0.014	20,425 	585
BUDDY	0.014	20,425 	586
XAVIER	0.013	18,966 	587
KERMIT	0.013	18,966 	588
ROSCOE	0.013	18,966 	589
ESTEBAN	0.013	18,966 	590
ANTON	0.013	18,966 	591
SOLOMON	0.013	18,966 	592
SCOTTY	0.013	18,966 	593
NORBERT	0.013	18,966 	594
ELVIN	0.013	18,966 	595
WILLIAMS	0.013	18,966 	596
NOLAN	0.013	18,966 	597
CAREY	0.013	18,966 	598
ROD	0.013	18,966 	599
QUINTON	0.013	18,966 	600
MARY	2.629	3,991,060 	1
PATRICIA	1.073	1,628,911 	2
LINDA	1.035	1,571,224 	3
BARBARA	0.98	1,487,729 	4
ELIZABETH	0.937	1,422,451 	5
JENNIFER	0.932	1,414,861 	6
MARIA	0.828	1,256,979 	7
SUSAN	0.794	1,205,364 	8
MARGARET	0.768	1,165,894 	9
DOROTHY	0.727	1,103,652 	10
LISA	0.704	1,068,736 	11
NANCY	0.669	1,015,603 	12
KAREN	0.667	1,012,567 	13
BETTY	0.666	1,011,048 	14
HELEN	0.663	1,006,494 	15
SANDRA	0.629	954,879 	16
DONNA	0.583	885,047 	17
CAROL	0.565	857,721 	18
RUTH	0.562	853,167 	19
SHARON	0.522	792,443 	20
MICHELLE	0.519	787,889 	21
LAURA	0.51	774,226 	22
SARAH	0.508	771,190 	23
KIMBERLY	0.504	765,118 	24
DEBORAH	0.494	749,937 	25
JESSICA	0.49	743,864 	26
SHIRLEY	0.482	731,720 	27
CYNTHIA	0.469	711,985 	28
ANGELA	0.468	710,466 	29
MELISSA	0.462	701,358 	30
BRENDA	0.455	690,731 	31
AMY	0.451	684,659 	32
ANNA	0.44	667,960 	33
REBECCA	0.43	652,779 	34
VIRGINIA	0.43	652,779 	35
KATHLEEN	0.424	643,670 	36
PAMELA	0.416	631,526 	37
MARTHA	0.412	625,453 	38
DEBRA	0.408	619,381 	39
AMANDA	0.404	613,309 	40
STEPHANIE	0.4	607,236 	41
CAROLYN	0.385	584,465 	42
CHRISTINE	0.382	579,911 	43
MARIE	0.379	575,356 	44
JANET	0.379	575,356 	45
CATHERINE	0.373	566,248 	46
FRANCES	0.37	561,694 	47
ANN	0.364	552,585 	48
JOYCE	0.364	552,585 	49
DIANE	0.359	544,995 	50
ALICE	0.357	541,958 	51
JULIE	0.348	528,296 	52
HEATHER	0.337	511,597 	53
TERESA	0.336	510,078 	54
DORIS	0.335	508,560 	55
GLORIA	0.335	508,560 	56
EVELYN	0.322	488,825 	57
JEAN	0.315	478,199 	58
CHERYL	0.315	478,199 	59
MILDRED	0.313	475,162 	60
KATHERINE	0.313	475,162 	61
JOAN	0.306	464,536 	62
ASHLEY	0.303	459,981 	63
JUDITH	0.297	450,873 	64
ROSE	0.296	449,355 	65
JANICE	0.285	432,656 	66
KELLY	0.283	429,620 	67
NICOLE	0.281	426,583 	68
JUDY	0.276	418,993 	69
CHRISTINA	0.275	417,475 	70
KATHY	0.272	412,921 	71
THERESA	0.271	411,403 	72
BEVERLY	0.267	405,330 	73
DENISE	0.264	400,776 	74
TAMMY	0.259	393,185 	75
IRENE	0.252	382,559 	76
JANE	0.25	379,523 	77
LORI	0.248	376,486 	78
RACHEL	0.242	367,378 	79
MARILYN	0.241	365,860 	80
ANDREA	0.236	358,269 	81
KATHRYN	0.234	355,233 	82
LOUISE	0.229	347,643 	83
SARA	0.229	347,643 	84
ANNE	0.228	346,125 	85
JACQUELINE	0.228	346,125 	86
WANDA	0.226	343,089 	87
BONNIE	0.223	338,534 	88
JULIA	0.223	338,534 	89
RUBY	0.221	335,498 	90
LOIS	0.22	333,980 	91
TINA	0.22	333,980 	92
PHYLLIS	0.219	332,462 	93
NORMA	0.218	330,944 	94
PAULA	0.217	329,426 	95
DIANA	0.216	327,908 	96
ANNIE	0.216	327,908 	97
LILLIAN	0.211	320,317 	98
EMILY	0.208	315,763 	99
ROBIN	0.208	315,763 	100
PEGGY	0.208	315,763 	101
CRYSTAL	0.207	314,245 	102
GLADYS	0.205	311,209 	103
RITA	0.204	309,691 	104
DAWN	0.202	306,654 	105
CONNIE	0.2	303,618 	106
FLORENCE	0.2	303,618 	107
TRACY	0.197	299,064 	108
EDNA	0.197	299,064 	109
TIFFANY	0.195	296,028 	110
CARMEN	0.195	296,028 	111
ROSA	0.194	294,510 	112
CINDY	0.192	291,473 	113
GRACE	0.189	286,919 	114
WENDY	0.185	280,847 	115
VICTORIA	0.18	273,256 	116
EDITH	0.179	271,738 	117
KIM	0.178	270,220 	118
SHERRY	0.178	270,220 	119
SYLVIA	0.177	268,702 	120
JOSEPHINE	0.177	268,702 	121
THELMA	0.175	265,666 	122
SHANNON	0.175	265,666 	123
SHEILA	0.175	265,666 	124
ETHEL	0.174	264,148 	125
ELLEN	0.173	262,630 	126
ELAINE	0.173	262,630 	127
MARJORIE	0.173	262,630 	128
CARRIE	0.171	259,594 	129
CHARLOTTE	0.169	256,557 	130
MONICA	0.166	252,003 	131
ESTHER	0.166	252,003 	132
PAULINE	0.165	250,485 	133
EMMA	0.165	250,485 	134
JUANITA	0.164	248,967 	135
ANITA	0.162	245,931 	136
RHONDA	0.162	245,931 	137
HAZEL	0.161	244,413 	138
AMBER	0.16	242,895 	139
EVA	0.159	241,376 	140
DEBBIE	0.157	238,340 	141
APRIL	0.154	233,786 	142
LESLIE	0.154	233,786 	143
CLARA	0.153	232,268 	144
LUCILLE	0.153	232,268 	145
JAMIE	0.153	232,268 	146
JOANNE	0.15	227,714 	147
ELEANOR	0.15	227,714 	148
VALERIE	0.149	226,196 	149
DANIELLE	0.149	226,196 	150
MEGAN	0.147	223,159 	151
ALICIA	0.146	221,641 	152
SUZANNE	0.145	220,123 	153
MICHELE	0.145	220,123 	154
GAIL	0.145	220,123 	155
BERTHA	0.143	217,087 	156
DARLENE	0.142	215,569 	157
VERONICA	0.142	215,569 	158
JILL	0.142	215,569 	159
ERIN	0.141	214,051 	160
GERALDINE	0.141	214,051 	161
LAUREN	0.137	207,978 	162
CATHY	0.137	207,978 	163
JOANN	0.136	206,460 	164
LORRAINE	0.135	204,942 	165
LYNN	0.135	204,942 	166
SALLY	0.135	204,942 	167
REGINA	0.133	201,906 	168
ERICA	0.13	197,352 	169
BEATRICE	0.13	197,352 	170
DOLORES	0.129	195,834 	171
BERNICE	0.128	194,316 	172
AUDREY	0.127	192,798 	173
YVONNE	0.126	191,279 	174
ANNETTE	0.125	189,761 	175
JUNE	0.125	189,761 	176
SAMANTHA	0.124	188,243 	177
MARION	0.122	185,207 	178
DANA	0.122	185,207 	179
STACY	0.121	183,689 	180
ANA	0.12	182,171 	181
RENEE	0.12	182,171 	182
IDA	0.118	179,135 	183
VIVIAN	0.118	179,135 	184
ROBERTA	0.117	177,617 	185
HOLLY	0.117	177,617 	186
BRITTANY	0.117	177,617 	187
MELANIE	0.116	176,099 	188
LORETTA	0.115	174,580 	189
YOLANDA	0.115	174,580 	190
JEANETTE	0.115	174,580 	191
LAURIE	0.114	173,062 	192
KATIE	0.113	171,544 	193
KRISTEN	0.111	168,508 	194
VANESSA	0.111	168,508 	195
ALMA	0.111	168,508 	196
SUE	0.111	168,508 	197
ELSIE	0.11	166,990 	198
BETH	0.11	166,990 	199
JEANNE	0.109	165,472 	200
VICKI	0.109	165,472 	201
CARLA	0.107	162,436 	202
TARA	0.107	162,436 	203
ROSEMARY	0.107	162,436 	204
EILEEN	0.105	159,400 	205
TERRI	0.105	159,400 	206
GERTRUDE	0.103	156,363 	207
LUCY	0.103	156,363 	208
TONYA	0.102	154,845 	209
ELLA	0.101	153,327 	210
STACEY	0.101	153,327 	211
WILMA	0.099	150,291 	212
GINA	0.099	150,291 	213
KRISTIN	0.099	150,291 	214
JESSIE	0.098	148,773 	215
NATALIE	0.098	148,773 	216
AGNES	0.098	148,773 	217
VERA	0.098	148,773 	218
WILLIE	0.097	147,255 	219
CHARLENE	0.097	147,255 	220
BESSIE	0.096	145,737 	221
DELORES	0.095	144,219 	222
MELINDA	0.094	142,701 	223
PEARL	0.094	142,701 	224
ARLENE	0.094	142,701 	225
MAUREEN	0.092	139,664 	226
COLLEEN	0.092	139,664 	227
ALLISON	0.092	139,664 	228
TAMARA	0.092	139,664 	229
JOY	0.091	138,146 	230
GEORGIA	0.091	138,146 	231
CONSTANCE	0.091	138,146 	232
LILLIE	0.09	136,628 	233
CLAUDIA	0.09	136,628 	234
JACKIE	0.09	136,628 	235
MARCIA	0.09	136,628 	236
TANYA	0.089	135,110 	237
NELLIE	0.089	135,110 	238
MINNIE	0.089	135,110 	239
MARLENE	0.088	133,592 	240
HEIDI	0.088	133,592 	241
GLENDA	0.088	133,592 	242
LYDIA	0.086	130,556 	243
VIOLA	0.086	130,556 	244
COURTNEY	0.086	130,556 	245
MARIAN	0.086	130,556 	246
STELLA	0.085	129,038 	247
CAROLINE	0.085	129,038 	248
DORA	0.084	127,520 	249
JO	0.083	126,002 	250
VICKIE	0.082	124,483 	251
MATTIE	0.081	122,965 	252
TERRY	0.08	121,447 	253
MAXINE	0.079	119,929 	254
IRMA	0.079	119,929 	255
MABEL	0.078	118,411 	256
MARSHA	0.078	118,411 	257
MYRTLE	0.078	118,411 	258
LENA	0.077	116,893 	259
CHRISTY	0.077	116,893 	260
DEANNA	0.076	115,375 	261
PATSY	0.076	115,375 	262
HILDA	0.075	113,857 	263
GWENDOLYN	0.074	112,339 	264
JENNIE	0.073	110,821 	265
NORA	0.073	110,821 	266
MARGIE	0.072	109,303 	267
NINA	0.072	109,303 	268
CASSANDRA	0.072	109,303 	269
LEAH	0.072	109,303 	270
PENNY	0.071	107,784 	271
KAY	0.071	107,784 	272
PRISCILLA	0.071	107,784 	273
NAOMI	0.071	107,784 	274
CAROLE	0.071	107,784 	275
BRANDY	0.07	106,266 	276
OLGA	0.07	106,266 	277
BILLIE	0.069	104,748 	278
DIANNE	0.069	104,748 	279
TRACEY	0.069	104,748 	280
LEONA	0.069	104,748 	281
JENNY	0.068	103,230 	282
FELICIA	0.068	103,230 	283
SONIA	0.068	103,230 	284
MIRIAM	0.066	100,194 	285
VELMA	0.066	100,194 	286
BECKY	0.066	100,194 	287
BOBBIE	0.065	98,676 	288
VIOLET	0.065	98,676 	289
KRISTINA	0.065	98,676 	290
TONI	0.064	97,158 	291
MISTY	0.063	95,640 	292
MAE	0.063	95,640 	293
SHELLY	0.062	94,122 	294
DAISY	0.062	94,122 	295
RAMONA	0.062	94,122 	296
SHERRI	0.062	94,122 	297
ERIKA	0.061	92,604 	298
KATRINA	0.061	92,604 	299
CLAIRE	0.061	92,604 	300
LINDSEY	0.06	91,085 	301
LINDSAY	0.06	91,085 	302
GENEVA	0.059	89,567 	303
GUADALUPE	0.059	89,567 	304
BELINDA	0.059	89,567 	305
MARGARITA	0.059	89,567 	306
SHERYL	0.059	89,567 	307
CORA	0.058	88,049 	308
FAYE	0.058	88,049 	309
ADA	0.057	86,531 	310
NATASHA	0.057	86,531 	311
SABRINA	0.057	86,531 	312
ISABEL	0.057	86,531 	313
MARGUERITE	0.056	85,013 	314
HATTIE	0.056	85,013 	315
HARRIET	0.056	85,013 	316
MOLLY	0.055	83,495 	317
CECILIA	0.055	83,495 	318
KRISTI	0.055	83,495 	319
BRANDI	0.055	83,495 	320
BLANCHE	0.055	83,495 	321
SANDY	0.055	83,495 	322
ROSIE	0.055	83,495 	323
JOANNA	0.055	83,495 	324
IRIS	0.055	83,495 	325
EUNICE	0.054	81,977 	326
ANGIE	0.054	81,977 	327
INEZ	0.053	80,459 	328
LYNDA	0.053	80,459 	329
MADELINE	0.052	78,941 	330
AMELIA	0.052	78,941 	331
ALBERTA	0.052	78,941 	332
GENEVIEVE	0.051	77,423 	333
MONIQUE	0.051	77,423 	334
JODI	0.051	77,423 	335
JANIE	0.051	77,423 	336
MAGGIE	0.051	77,423 	337
KAYLA	0.051	77,423 	338
SONYA	0.051	77,423 	339
JAN	0.051	77,423 	340
LEE	0.051	77,423 	341
KRISTINE	0.051	77,423 	342
CANDACE	0.051	77,423 	343
FANNIE	0.05	75,905 	344
MARYANN	0.05	75,905 	345
OPAL	0.05	75,905 	346
ALISON	0.05	75,905 	347
YVETTE	0.05	75,905 	348
MELODY	0.05	75,905 	349
LUZ	0.049	74,386 	350
SUSIE	0.049	74,386 	351
OLIVIA	0.049	74,386 	352
FLORA	0.049	74,386 	353
SHELLEY	0.049	74,386 	354
KRISTY	0.048	72,868 	355
MAMIE	0.048	72,868 	356
LULA	0.048	72,868 	357
LOLA	0.048	72,868 	358
VERNA	0.048	72,868 	359
BEULAH	0.048	72,868 	360
ANTOINETTE	0.048	72,868 	361
CANDICE	0.046	69,832 	362
JUANA	0.046	69,832 	363
JEANNETTE	0.046	69,832 	364
PAM	0.046	69,832 	365
KELLI	0.046	69,832 	366
HANNAH	0.045	68,314 	367
WHITNEY	0.045	68,314 	368
BRIDGET	0.045	68,314 	369
KARLA	0.044	66,796 	370
CELIA	0.044	66,796 	371
LATOYA	0.043	65,278 	372
PATTY	0.043	65,278 	373
SHELIA	0.043	65,278 	374
GAYLE	0.043	65,278 	375
DELLA	0.043	65,278 	376
VICKY	0.043	65,278 	377
LYNNE	0.043	65,278 	378
SHERI	0.042	63,760 	379
MARIANNE	0.042	63,760 	380
KARA	0.041	62,242 	381
JACQUELYN	0.041	62,242 	382
ERMA	0.041	62,242 	383
BLANCA	0.041	62,242 	384
MYRA	0.04	60,724 	385
LETICIA	0.04	60,724 	386
PAT	0.04	60,724 	387
KRISTA	0.04	60,724 	388
ROXANNE	0.04	60,724 	389
ANGELICA	0.039	59,206 	390
JOHNNIE	0.039	59,206 	391
ROBYN	0.039	59,206 	392
FRANCIS	0.039	59,206 	393
ADRIENNE	0.039	59,206 	394
ROSALIE	0.039	59,206 	395
ALEXANDRA	0.039	59,206 	396
BROOKE	0.039	59,206 	397
BETHANY	0.039	59,206 	398
SADIE	0.039	59,206 	399
BERNADETTE	0.039	59,206 	400
TRACI	0.038	57,687 	401
JODY	0.038	57,687 	402
KENDRA	0.038	57,687 	403
JASMINE	0.038	57,687 	404
NICHOLE	0.038	57,687 	405
RACHAEL	0.038	57,687 	406
CHELSEA	0.038	57,687 	407
MABLE	0.038	57,687 	408
ERNESTINE	0.038	57,687 	409
MURIEL	0.038	57,687 	410
MARCELLA	0.037	56,169 	411
ELENA	0.037	56,169 	412
KRYSTAL	0.037	56,169 	413
ANGELINA	0.037	56,169 	414
NADINE	0.036	54,651 	415
KARI	0.036	54,651 	416
ESTELLE	0.036	54,651 	417
DIANNA	0.036	54,651 	418
PAULETTE	0.036	54,651 	419
LORA	0.036	54,651 	420
MONA	0.035	53,133 	421
DOREEN	0.035	53,133 	422
ROSEMARIE	0.035	53,133 	423
ANGEL	0.035	53,133 	424
DESIREE	0.035	53,133 	425
ANTONIA	0.035	53,133 	426
HOPE	0.034	51,615 	427
GINGER	0.034	51,615 	428
JANIS	0.034	51,615 	429
BETSY	0.034	51,615 	430
CHRISTIE	0.034	51,615 	431
FREDA	0.034	51,615 	432
MERCEDES	0.033	50,097 	433
MEREDITH	0.033	50,097 	434
LYNETTE	0.033	50,097 	435
TERI	0.033	50,097 	436
CRISTINA	0.033	50,097 	437
EULA	0.033	50,097 	438
LEIGH	0.032	48,579 	439
MEGHAN	0.032	48,579 	440
SOPHIA	0.032	48,579 	441
ELOISE	0.032	48,579 	442
ROCHELLE	0.032	48,579 	443
GRETCHEN	0.032	48,579 	444
CECELIA	0.032	48,579 	445
RAQUEL	0.031	47,061 	446
HENRIETTA	0.031	47,061 	447
ALYSSA	0.031	47,061 	448
JANA	0.031	47,061 	449
KELLEY	0.031	47,061 	450
GWEN	0.031	47,061 	451
KERRY	0.031	47,061 	452
JENNA	0.03	45,543 	453
TRICIA	0.03	45,543 	454
LAVERNE	0.03	45,543 	455
OLIVE	0.03	45,543 	456
ALEXIS	0.03	45,543 	457
TASHA	0.03	45,543 	458
SILVIA	0.029	44,025 	459
ELVIRA	0.029	44,025 	460
CASEY	0.029	44,025 	461
DELIA	0.029	44,025 	462
SOPHIE	0.029	44,025 	463
KATE	0.029	44,025 	464
PATTI	0.029	44,025 	465
LORENA	0.029	44,025 	466
KELLIE	0.029	44,025 	467
SONJA	0.029	44,025 	468
LILA	0.029	44,025 	469
LANA	0.029	44,025 	470
DARLA	0.029	44,025 	471
MAY	0.029	44,025 	472
MINDY	0.029	44,025 	473
ESSIE	0.029	44,025 	474
MANDY	0.029	44,025 	475
LORENE	0.028	42,507 	476
ELSA	0.028	42,507 	477
JOSEFINA	0.028	42,507 	478
JEANNIE	0.028	42,507 	479
MIRANDA	0.028	42,507 	480
DIXIE	0.028	42,507 	481
LUCIA	0.028	42,507 	482
MARTA	0.028	42,507 	483
FAITH	0.028	42,507 	484
LELA	0.028	42,507 	485
JOHANNA	0.028	42,507 	486
SHARI	0.028	42,507 	487
CAMILLE	0.028	42,507 	488
TAMI	0.027	40,988 	489
SHAWNA	0.027	40,988 	490
ELISA	0.027	40,988 	491
EBONY	0.027	40,988 	492
MELBA	0.027	40,988 	493
ORA	0.027	40,988 	494
NETTIE	0.027	40,988 	495
TABITHA	0.027	40,988 	496
OLLIE	0.027	40,988 	497
JAIME	0.027	40,988 	498
WINIFRED	0.027	40,988 	499
KRISTIE	0.027	40,988 	500
MARINA	0.027	40,988 	501
ALISHA	0.027	40,988 	502
AIMEE	0.027	40,988 	503
RENA	0.027	40,988 	504
MYRNA	0.026	39,470 	505
MARLA	0.026	39,470 	506
TAMMIE	0.026	39,470 	507
LATASHA	0.026	39,470 	508
BONITA	0.026	39,470 	509
PATRICE	0.026	39,470 	510
RONDA	0.026	39,470 	511
SHERRIE	0.026	39,470 	512
ADDIE	0.026	39,470 	513
FRANCINE	0.025	37,952 	514
DELORIS	0.025	37,952 	515
STACIE	0.025	37,952 	516
ADRIANA	0.025	37,952 	517
CHERI	0.025	37,952 	518
SHELBY	0.025	37,952 	519
ABIGAIL	0.025	37,952 	520
CELESTE	0.025	37,952 	521
JEWEL	0.025	37,952 	522
CARA	0.025	37,952 	523
ADELE	0.025	37,952 	524
REBEKAH	0.025	37,952 	525
LUCINDA	0.025	37,952 	526
DORTHY	0.025	37,952 	527
CHRIS	0.024	36,434 	528
EFFIE	0.024	36,434 	529
TRINA	0.024	36,434 	530
REBA	0.024	36,434 	531
SHAWN	0.024	36,434 	532
SALLIE	0.024	36,434 	533
AURORA	0.024	36,434 	534
LENORA	0.024	36,434 	535
ETTA	0.024	36,434 	536
LOTTIE	0.024	36,434 	537
KERRI	0.024	36,434 	538
TRISHA	0.024	36,434 	539
NIKKI	0.024	36,434 	540
ESTELLA	0.024	36,434 	541
FRANCISCA	0.024	36,434 	542
JOSIE	0.024	36,434 	543
TRACIE	0.024	36,434 	544
MARISSA	0.024	36,434 	545
KARIN	0.024	36,434 	546
BRITTNEY	0.024	36,434 	547
JANELLE	0.024	36,434 	548
LOURDES	0.024	36,434 	549
LAUREL	0.024	36,434 	550
HELENE	0.024	36,434 	551
FERN	0.024	36,434 	552
ELVA	0.024	36,434 	553
CORINNE	0.024	36,434 	554
KELSEY	0.024	36,434 	555
INA	0.023	34,916 	556
BETTIE	0.023	34,916 	557
ELISABETH	0.023	34,916 	558
AIDA	0.023	34,916 	559
CAITLIN	0.023	34,916 	560
INGRID	0.023	34,916 	561
IVA	0.023	34,916 	562
EUGENIA	0.023	34,916 	563
CHRISTA	0.023	34,916 	564
GOLDIE	0.023	34,916 	565
CASSIE	0.023	34,916 	566
MAUDE	0.023	34,916 	567
JENIFER	0.023	34,916 	568
THERESE	0.022	33,398 	569
FRANKIE	0.022	33,398 	570
DENA	0.022	33,398 	571
LORNA	0.022	33,398 	572
JANETTE	0.022	33,398 	573
LATONYA	0.022	33,398 	574
CANDY	0.022	33,398 	575
MORGAN	0.022	33,398 	576
CONSUELO	0.022	33,398 	577
TAMIKA	0.022	33,398 	578
ROSETTA	0.022	33,398 	579
DEBORA	0.022	33,398 	580
CHERIE	0.022	33,398 	581
POLLY	0.022	33,398 	582
DINA	0.022	33,398 	583
JEWELL	0.021	31,880 	584
FAY	0.021	31,880 	585
JILLIAN	0.021	31,880 	586
DOROTHEA	0.021	31,880 	587
NELL	0.021	31,880 	588
TRUDY	0.021	31,880 	589
ESPERANZA	0.021	31,880 	590
PATRICA	0.021	31,880 	591
KIMBERLEY	0.021	31,880 	592
SHANNA	0.021	31,880 	593
HELENA	0.021	31,880 	594
CAROLINA	0.021	31,880 	595
CLEO	0.021	31,880 	596
STEFANIE	0.021	31,880 	597
ROSARIO	0.02	30,362 	598
OLA	0.02	30,362 	599
JANINE	0.02	30,362 	600
MOLLIE	0.02	30,362 	601
LUPE	0.02	30,362 	602
ALISA	0.02	30,362 	603
LOU	0.02	30,362 	604
MARIBEL	0.02	30,362 	605
SUSANNE	0.02	30,362 	606
BETTE	0.019	28,844 	607
SUSANA	0.019	28,844 	608
ELISE	0.019	28,844 	609
CECILE	0.019	28,844 	610
ISABELLE	0.019	28,844 	611
LESLEY	0.019	28,844 	612
JOCELYN	0.019	28,844 	613
PAIGE	0.019	28,844 	614
JONI	0.019	28,844 	615
RACHELLE	0.019	28,844 	616
LEOLA	0.019	28,844 	617
DAPHNE	0.019	28,844 	618
ALTA	0.019	28,844 	619
ESTER	0.019	28,844 	620
PETRA	0.019	28,844 	621
GRACIELA	0.019	28,844 	622
IMOGENE	0.019	28,844 	623
JOLENE	0.019	28,844 	624
KEISHA	0.019	28,844 	625
LACEY	0.018	27,326 	626
GLENNA	0.018	27,326 	627
GABRIELA	0.018	27,326 	628
KERI	0.018	27,326 	629
URSULA	0.018	27,326 	630
LIZZIE	0.018	27,326 	631
KIRSTEN	0.018	27,326 	632
SHANA	0.018	27,326 	633
ADELINE	0.018	27,326 	634
MAYRA	0.018	27,326 	635
JAYNE	0.018	27,326 	636
JACLYN	0.018	27,326 	637
GRACIE	0.018	27,326 	638
SONDRA	0.018	27,326 	639
CARMELA	0.018	27,326 	640
MARISA	0.018	27,326 	641
ROSALIND	0.018	27,326 	642
CHARITY	0.018	27,326 	643
TONIA	0.018	27,326 	644
BEATRIZ	0.018	27,326 	645
MARISOL	0.018	27,326 	646
CLARICE	0.018	27,326 	647
JEANINE	0.017	25,808 	648
SHEENA	0.017	25,808 	649
ANGELINE	0.017	25,808 	650
FRIEDA	0.017	25,808 	651
LILY	0.017	25,808 	652
ROBBIE	0.017	25,808 	653
SHAUNA	0.017	25,808 	654
MILLIE	0.017	25,808 	655
CLAUDETTE	0.017	25,808 	656
CATHLEEN	0.017	25,808 	657
ANGELIA	0.017	25,808 	658
GABRIELLE	0.017	25,808 	659
AUTUMN	0.017	25,808 	660
KATHARINE	0.017	25,808 	661
SUMMER	0.017	25,808 	662
JODIE	0.017	25,808 	663
STACI	0.017	25,808 	664
LEA	0.017	25,808 	665
CHRISTI	0.017	25,808 	666
JIMMIE	0.017	25,808 	667
JUSTINE	0.017	25,808 	668
ELMA	0.017	25,808 	669
LUELLA	0.017	25,808 	670
MARGRET	0.017	25,808 	671
DOMINIQUE	0.016	24,289 	672
SOCORRO	0.016	24,289 	673
RENE	0.016	24,289 	674
MARTINA	0.016	24,289 	675
MARGO	0.016	24,289 	676
MAVIS	0.016	24,289 	677
CALLIE	0.016	24,289 	678
BOBBI	0.016	24,289 	679
MARITZA	0.016	24,289 	680
LUCILE	0.016	24,289 	681
LEANNE	0.016	24,289 	682
JEANNINE	0.016	24,289 	683
DEANA	0.016	24,289 	684
AILEEN	0.016	24,289 	685
LORIE	0.016	24,289 	686
LADONNA	0.016	24,289 	687
WILLA	0.016	24,289 	688
MANUELA	0.016	24,289 	689
GALE	0.016	24,289 	690
SELMA	0.016	24,289 	691
DOLLY	0.016	24,289 	692
SYBIL	0.016	24,289 	693
ABBY	0.016	24,289 	694
LARA	0.016	24,289 	695
DALE	0.016	24,289 	696
IVY	0.016	24,289 	697
DEE	0.016	24,289 	698
WINNIE	0.016	24,289 	699
MARCY	0.016	24,289 	700
LUISA	0.016	24,289 	701
JERI	0.015	22,771 	702
MAGDALENA	0.015	22,771 	703
OFELIA	0.015	22,771 	704
MEAGAN	0.015	22,771 	705
AUDRA	0.015	22,771 	706
MATILDA	0.015	22,771 	707
LEILA	0.015	22,771 	708
CORNELIA	0.015	22,771 	709
BIANCA	0.015	22,771 	710
SIMONE	0.015	22,771 	711
BETTYE	0.015	22,771 	712
RANDI	0.015	22,771 	713
VIRGIE	0.015	22,771 	714
LATISHA	0.015	22,771 	715
BARBRA	0.015	22,771 	716
GEORGINA	0.015	22,771 	717
ELIZA	0.015	22,771 	718
LEANN	0.015	22,771 	719
BRIDGETTE	0.015	22,771 	720
RHODA	0.014	21,253 	721
HALEY	0.014	21,253 	722
ADELA	0.014	21,253 	723
NOLA	0.014	21,253 	724
BERNADINE	0.014	21,253 	725
FLOSSIE	0.014	21,253 	726
ILA	0.014	21,253 	727
GRETA	0.014	21,253 	728
RUTHIE	0.014	21,253 	729
NELDA	0.014	21,253 	730
MINERVA	0.014	21,253 	731
LILLY	0.014	21,253 	732
TERRIE	0.014	21,253 	733
LETHA	0.014	21,253 	734
HILARY	0.014	21,253 	735
ESTELA	0.014	21,253 	736
VALARIE	0.014	21,253 	737
BRIANNA	0.014	21,253 	738
ROSALYN	0.014	21,253 	739
EARLINE	0.014	21,253 	740
CATALINA	0.014	21,253 	741
AVA	0.014	21,253 	742
MIA	0.014	21,253 	743
CLARISSA	0.014	21,253 	744
LIDIA	0.014	21,253 	745
CORRINE	0.014	21,253 	746
ALEXANDRIA	0.014	21,253 	747
CONCEPCION	0.014	21,253 	748
TIA	0.014	21,253 	749
SHARRON	0.014	21,253 	750
RAE	0.014	21,253 	751
DONA	0.014	21,253 	752
ERICKA	0.014	21,253 	753
JAMI	0.014	21,253 	754
ELNORA	0.014	21,253 	755
CHANDRA	0.014	21,253 	756
LENORE	0.014	21,253 	757
NEVA	0.013	19,735 	758
MARYLOU	0.013	19,735 	759
MELISA	0.013	19,735 	760
TABATHA	0.013	19,735 	761
SERENA	0.013	19,735 	762
AVIS	0.013	19,735 	763
ALLIE	0.013	19,735 	764
SOFIA	0.013	19,735 	765
JEANIE	0.013	19,735 	766
ODESSA	0.013	19,735 	767
NANNIE	0.013	19,735 	768
HARRIETT	0.013	19,735 	769
LORAINE	0.013	19,735 	770
PENELOPE	0.013	19,735 	771
MILAGROS	0.013	19,735 	772
EMILIA	0.013	19,735 	773
BENITA	0.013	19,735 	774
ALLYSON	0.013	19,735 	775
ASHLEE	0.013	19,735 	776
TANIA	0.013	19,735 	777
TOMMIE	0.013	19,735 	778
ESMERALDA	0.013	19,735 	779
KARINA	0.013	19,735 	780
EVE	0.013	19,735 	781
PEARLIE	0.013	19,735 	782
ZELMA	0.013	19,735 	783
MALINDA	0.013	19,735 	784
NOREEN	0.013	19,735 	785
TAMEKA	0.013	19,735 	786
SAUNDRA	0.013	19,735 	787
HILLARY	0.013	19,735 	788
AMIE	0.013	19,735 	789
ALTHEA	0.012	18,217 	790
ROSALINDA	0.012	18,217 	791
JORDAN	0.012	18,217 	792
LILIA	0.012	18,217 	793
ALANA	0.012	18,217 	794
GAY	0.012	18,217 	795
CLARE	0.012	18,217 	796
ALEJANDRA	0.012	18,217 	797
ELINOR	0.012	18,217 	798
MICHAEL	0.012	18,217 	799
LORRIE	0.012	18,217 	800
JERRI	0.012	18,217 	801
DARCY	0.012	18,217 	802
EARNESTINE	0.012	18,217 	803
CARMELLA	0.012	18,217 	804
TAYLOR	0.012	18,217 	805
NOEMI	0.012	18,217 	806
MARCIE	0.012	18,217 	807
LIZA	0.012	18,217 	808
ANNABELLE	0.012	18,217 	809
LOUISA	0.012	18,217 	810
EARLENE	0.012	18,217 	811
MALLORY	0.012	18,217 	812
CARLENE	0.012	18,217 	813
NITA	0.012	18,217 	814
SELENA	0.012	18,217 	815
TANISHA	0.012	18,217 	816
KATY	0.012	18,217 	817
JULIANNE	0.012	18,217 	818
JOHN	0.012	18,217 	819
LAKISHA	0.011	16,699 	820
EDWINA	0.011	16,699 	821
MARICELA	0.011	16,699 	822
MARGERY	0.011	16,699 	823
KENYA	0.011	16,699 	824
DOLLIE	0.011	16,699 	825
ROXIE	0.011	16,699 	826
ROSLYN	0.011	16,699 	827
KATHRINE	0.011	16,699 	828
NANETTE	0.011	16,699 	829
CHARMAINE	0.011	16,699 	830
LAVONNE	0.011	16,699 	831
ILENE	0.011	16,699 	832
KRIS	0.011	16,699 	833
TAMMI	0.011	16,699 	834
SUZETTE	0.011	16,699 	835
CORINE	0.011	16,699 	836
KAYE	0.011	16,699 	837
JERRY	0.011	16,699 	838
MERLE	0.011	16,699 	839
CHRYSTAL	0.011	16,699 	840
LINA	0.011	16,699 	841
DEANNE	0.011	16,699 	842
LILIAN	0.011	16,699 	843
JULIANA	0.011	16,699 	844
ALINE	0.011	16,699 	845
LUANN	0.011	16,699 	846
KASEY	0.011	16,699 	847
MARYANNE	0.011	16,699 	848
EVANGELINE	0.011	16,699 	849
COLETTE	0.011	16,699 	850
MELVA	0.011	16,699 	851
LAWANDA	0.011	16,699 	852
YESENIA	0.011	16,699 	853
NADIA	0.011	16,699 	854
MADGE	0.011	16,699 	855
KATHIE	0.011	16,699 	856
EDDIE	0.011	16,699 	857
OPHELIA	0.011	16,699 	858
VALERIA	0.011	16,699 	859
NONA	0.011	16,699 	860
MITZI	0.011	16,699 	861
MARI	0.011	16,699 	862
GEORGETTE	0.011	16,699 	863
CLAUDINE	0.011	16,699 	864
FRAN	0.011	16,699 	865
ALISSA	0.011	16,699 	866
ROSEANN	0.01	15,181 	867
LAKEISHA	0.01	15,181 	868
SUSANNA	0.01	15,181 	869
REVA	0.01	15,181 	870
DEIDRE	0.01	15,181 	871
CHASITY	0.01	15,181 	872
SHEREE	0.01	15,181 	873
CARLY	0.01	15,181 	874
JAMES	0.01	15,181 	875
ELVIA	0.01	15,181 	876
ALYCE	0.01	15,181 	877
DEIRDRE	0.01	15,181 	878
GENA	0.01	15,181 	879
BRIANA	0.01	15,181 	880
ARACELI	0.01	15,181 	881
KATELYN	0.01	15,181 	882
ROSANNE	0.01	15,181 	883
WENDI	0.01	15,181 	884
TESSA	0.01	15,181 	885
BERTA	0.01	15,181 	886
MARVA	0.01	15,181 	887
IMELDA	0.01	15,181 	888
MARIETTA	0.01	15,181 	889
MARCI	0.01	15,181 	890
LEONOR	0.01	15,181 	891
ARLINE	0.01	15,181 	892
SASHA	0.01	15,181 	893
MADELYN	0.01	15,181 	894
JANNA	0.01	15,181 	895
JULIETTE	0.01	15,181 	896
DEENA	0.01	15,181 	897
AURELIA	0.01	15,181 	898
JOSEFA	0.01	15,181 	899
AUGUSTA	0.01	15,181 	900
LILIANA	0.01	15,181 	901
YOUNG	0.01	15,181 	902
CHRISTIAN	0.01	15,181 	903
LESSIE	0.01	15,181 	904
AMALIA	0.01	15,181 	905
SAVANNAH	0.01	15,181 	906
ANASTASIA	0.01	15,181 	907
VILMA	0.01	15,181 	908
NATALIA	0.01	15,181 	909
ROSELLA	0.01	15,181 	910
LYNNETTE	0.01	15,181 	911
CORINA	0.01	15,181 	912
ALFREDA	0.009	13,663 	913
LEANNA	0.009	13,663 	914
CAREY	0.009	13,663 	915
AMPARO	0.009	13,663 	916
COLEEN	0.009	13,663 	917
TAMRA	0.009	13,663 	918
AISHA	0.009	13,663 	919
WILDA	0.009	13,663 	920
KARYN	0.009	13,663 	921
CHERRY	0.009	13,663 	922
QUEEN	0.009	13,663 	923
MAURA	0.009	13,663 	924
MAI	0.009	13,663 	925
EVANGELINA	0.009	13,663 	926
ROSANNA	0.009	13,663 	927
HALLIE	0.009	13,663 	928
ERNA	0.009	13,663 	929
ENID	0.009	13,663 	930
MARIANA	0.009	13,663 	931
LACY	0.009	13,663 	932
JULIET	0.009	13,663 	933
JACKLYN	0.009	13,663 	934
FREIDA	0.009	13,663 	935
MADELEINE	0.009	13,663 	936
MARA	0.009	13,663 	937
HESTER	0.009	13,663 	938
CATHRYN	0.009	13,663 	939
LELIA	0.009	13,663 	940
CASANDRA	0.009	13,663 	941
BRIDGETT	0.009	13,663 	942
ANGELITA	0.009	13,663 	943
JANNIE	0.009	13,663 	944
DIONNE	0.009	13,663 	945
ANNMARIE	0.009	13,663 	946
KATINA	0.009	13,663 	947
BERYL	0.009	13,663 	948
PHOEBE	0.009	13,663 	949
MILLICENT	0.009	13,663 	950
KATHERYN	0.009	13,663 	951
DIANN	0.009	13,663 	952
CARISSA	0.009	13,663 	953
MARYELLEN	0.009	13,663 	954
LIZ	0.009	13,663 	955
LAURI	0.009	13,663 	956
HELGA	0.009	13,663 	957
GILDA	0.009	13,663 	958
ADRIAN	0.009	13,663 	959
RHEA	0.009	13,663 	960
MARQUITA	0.009	13,663 	961
HOLLIE	0.009	13,663 	962
TISHA	0.009	13,663 	963
TAMERA	0.009	13,663 	964
ANGELIQUE	0.009	13,663 	965
FRANCESCA	0.009	13,663 	966
BRITNEY	0.009	13,663 	967
KAITLIN	0.009	13,663 	968
LOLITA	0.009	13,663 	969
FLORINE	0.009	13,663 	970
ROWENA	0.009	13,663 	971
REYNA	0.009	13,663 	972
TWILA	0.009	13,663 	973
FANNY	0.009	13,663 	974
JANELL	0.009	13,663 	975
INES	0.009	13,663 	976
CONCETTA	0.009	13,663 	977
BERTIE	0.009	13,663 	978
ALBA	0.009	13,663 	979
BRIGITTE	0.009	13,663 	980
ALYSON	0.009	13,663 	981
VONDA	0.008	12,145 	982
PANSY	0.008	12,145 	983
ELBA	0.008	12,145 	984
NOELLE	0.008	12,145 	985
LETITIA	0.008	12,145 	986
KITTY	0.008	12,145 	987
DEANN	0.008	12,145 	988
BRANDIE	0.008	12,145 	989
LOUELLA	0.008	12,145 	990
LETA	0.008	12,145 	991
FELECIA	0.008	12,145 	992
SHARLENE	0.008	12,145 	993
LESA	0.008	12,145 	994
BEVERLEY	0.008	12,145 	995
ROBERT	0.008	12,145 	996
ISABELLA	0.008	12,145 	997
HERMINIA	0.008	12,145 	998
TERRA	0.008	12,145 	999
CELINA	0.008	12,145 	1000