01 	Amumu 	

55.67%

	

3,010,513

	

1,675,986

	

1,334,527

02 	Fiora 	

55.15%

	

2,052,387

	

1,131,986

	

920,401

03 	Rammus 	

54.55%

	

1,424,842

	

777,233

	

647,609

04 	Warwick 	

54.50%

	

3,574,052

	

1,947,854

	

1,626,198

05 	Wukong 	

54.34%

	

2,244,968

	

1,219,859

	

1,025,109

06 	Talon 	

53.85%

	

2,226,322

	

1,198,768

	

1,027,554

07 	Blitzcrank 	

53.67%

	

7,630,510

	

4,095,016

	

3,535,494

08 	Leona 	

53.61%

	

5,195,443

	

2,785,344

	

2,410,099

09 	Janna 	

53.55%

	

1,421,208

	

761,076

	

660,132

10 	Swain 	

53.51%

	

885,174

	

473,642

	

411,532

11 	Heimerdinger 	

53.22%

	

1,839,072

	

978,838

	

860,234

12 	Katarina 	

52.95%

	

4,853,193

	

2,569,654

	

2,283,539

13 	Sona 	

52.84%

	

1,960,689

	

1,035,944

	

924,745

14 	Tryndamere 	

52.75%

	

2,561,394

	

1,351,263

	

1,210,131

15 	Sejuani 	

52.71%

	

594,968

	

313,580

	

281,388

16 	Brand 	

52.63%

	

1,071,346

	

563,866

	

507,480

17 	Malphite 	

52.59%

	

2,350,641

	

1,236,287

	

1,114,354

18 	Jarvan IV 	

52.50%

	

3,693,803

	

1,939,282

	

1,754,521

19 	Miss Fortune 	

52.48%

	

3,200,661

	

1,679,858

	

1,520,803

20 	Fiddlesticks 	

52.37%

	

2,667,753

	

1,397,002

	

1,270,751

21 	Teemo 	

52.30%

	

4,030,850

	

2,108,175

	

1,922,675

22 	Malzahar 	

52.27%

	

1,424,166

	

744,436

	

679,730

23 	Jinx 	

52.27%

	

5,221,586

	

2,729,319

	

2,492,267

24 	Maokai 	

52.15%

	

2,462,796

	

1,284,389

	

1,178,407

25 	Xin Zhao 	

52.10%

	

3,300,485

	

1,719,538

	

1,580,947

26 	Tristana 	

51.98%

	

7,180,147

	

3,732,065

	

3,448,082

27 	Akali 	

51.88%

	

3,142,042

	

1,630,237

	

1,511,805

28 	Morgana 	

51.87%

	

5,230,845

	

2,713,385

	

2,517,460

29 	Rumble 	

51.70%

	

520,903

	

269,303

	

251,600

30 	Zyra 	

51.70%

	

1,527,423

	

789,650

	

737,773

31 	Taric 	

51.69%

	

679,200

	

351,091

	

328,109

32 	Ahri 	

51.62%

	

4,091,961

	

2,112,089

	

1,979,872

33 	Vi 	

51.55%

	

3,351,547

	

1,727,791

	

1,623,756

34 	Annie 	

51.41%

	

2,505,310

	

1,287,900

	

1,217,410

35 	Ashe 	

51.40%

	

3,199,557

	

1,644,510

	

1,555,047

36 	Vel'Koz 	

51.36%

	

1,870,689

	

960,786

	

909,903

37 	Lucian 	

51.32%

	

6,155,669

	

3,159,385

	

2,996,284

38 	Yorick 	

51.29%

	

438,646

	

224,964

	

213,682

39 	Galio 	

51.27%

	

568,269

	

291,348

	

276,921

40 	Kog'Maw 	

51.21%

	

1,270,434

	

650,646

	

619,788

41 	Graves 	

51.21%

	

2,468,482

	

1,264,118

	

1,204,364

42 	Lux 	

51.19%

	

3,444,545

	

1,763,355

	

1,681,190

43 	Nasus 	

51.18%

	

3,034,525

	

1,553,098

	

1,481,427

44 	Volibear 	

51.02%

	

2,554,761

	

1,303,326

	

1,251,435

45 	Corki 	

50.99%

	

1,948,842

	

993,686

	

955,156

46 	Kha'Zix 	

50.94%

	

4,420,874

	

2,252,122

	

2,168,752

47 	Draven 	

50.88%

	

3,574,671

	

1,818,742

	

1,755,929

48 	Fizz 	

50.84%

	

4,328,435

	

2,200,717

	

2,127,718

49 	Nami 	

50.82%

	

3,252,311

	

1,652,909

	

1,599,402

50 	Nautilus 	

50.74%

	

883,995

	

448,537

	

435,458

51 	Quinn 	

50.70%

	

1,101,885

	

558,637

	

543,248

52 	Irelia 	

50.68%

	

1,420,287

	

719,853

	

700,434

53 	Master Yi 	

50.57%

	

5,598,979

	

2,831,592

	

2,767,387

54 	Karthus 	

50.57%

	

713,309

	

360,688

	

352,621

55 	Ryze 	

50.51%

	

2,661,991

	

1,344,681

	

1,317,310

56 	Pantheon 	

50.50%

	

3,165,495

	

1,598,461

	

1,567,034

57 	Braum 	

50.35%

	

3,738,712

	

1,882,589

	

1,856,123

58 	Mordekaiser 	

50.26%

	

683,687

	

343,595

	

340,092

59 	Ziggs 	

50.23%

	

1,568,867

	

787,987

	

780,880

60 	Udyr 	

50.21%

	

2,129,357

	

1,069,242

	

1,060,115

61 	Zilean 	

50.15%

	

1,463,634

	

733,967

	

729,667

62 	Sivir 	

50.14%

	

1,575,707

	

790,110

	

785,597

63 	Varus 	

49.98%

	

1,507,978

	

753,688

	

754,290

64 	Darius 	

49.91%

	

2,212,272

	

1,104,223

	

1,108,049

65 	Xerath 	

49.90%

	

1,980,059

	

988,026

	

992,033

66 	Shaco 	

49.85%

	

2,410,898

	

1,201,884

	

1,209,014

67 	Diana 	

49.80%

	

1,769,070

	

881,049

	

888,021

68 	Skarner 	

49.77%

	

586,762

	

292,059

	

294,703

69 	Poppy 	

49.73%

	

692,423

	

344,315

	

348,108

70 	Kayle 	

49.68%

	

1,466,212

	

728,432

	

737,780

71 	Caitlyn 	

49.67%

	

6,892,061

	

3,423,064

	

3,468,997

72 	Singed 	

49.67%

	

659,444

	

327,519

	

331,925

73 	Gangplank 	

49.58%

	

1,581,366

	

784,052

	

797,314

74 	Lissandra 	

49.53%

	

1,403,704

	

695,293

	

708,411

75 	Orianna 	

49.53%

	

2,542,809

	

1,259,503

	

1,283,306

76 	Anivia 	

49.53%

	

598,874

	

296,599

	

302,275

77 	Nunu 	

49.51%

	

1,081,981

	

535,646

	

546,335

78 	Riven 	

49.46%

	

4,079,134

	

2,017,573

	

2,061,561

79 	Yasuo 	

49.44%

	

8,434,986

	

4,170,240

	

4,264,746

80 	Aatrox 	

49.41%

	

1,210,700

	

598,267

	

612,433

81 	Syndra 	

49.41%

	

1,844,212

	

911,194

	

933,018

82 	Hecarim 	

49.32%

	

1,837,330

	

906,084

	

931,246

83 	Zed 	

49.18%

	

6,486,173

	

3,190,219

	

3,295,954

84 	Vladimir 	

49.15%

	

1,183,405

	

581,611

	

601,794

85 	Thresh 	

49.02%

	

6,926,924

	

3,395,400

	

3,531,524

86 	Jax 	

48.80%

	

3,375,341

	

1,647,334

	

1,728,007

87 	Trundle 	

48.79%

	

551,822

	

269,256

	

282,566

88 	Kennen 	

48.70%

	

1,006,547

	

490,193

	

516,354

89 	Sion 	

48.64%

	

517,705

	

251,818

	

265,887

90 	Karma 	

48.63%

	

1,952,415

	

949,462

	

1,002,953

91 	Cho'Gath 	

48.45%

	

1,008,161

	

488,482

	

519,679

92 	Jayce 	

48.43%

	

1,875,537

	

908,341

	

967,196

93 	Nidalee 	

48.32%

	

4,737,744

	

2,289,307

	

2,448,437

94 	Alistar 	

48.32%

	

3,170,872

	

1,532,039

	

1,638,833

95 	Lulu 	

48.31%

	

2,639,953

	

1,275,361

	

1,364,592

96 	Vayne 	

48.27%

	

8,304,076

	

4,008,726

	

4,295,350

97 	Renekton 	

48.20%

	

2,087,975

	

1,006,478

	

1,081,497

98 	Ezreal 	

48.14%

	

5,157,575

	

2,483,046

	

2,674,529

99 	Zac 	

48.12%

	

560,091

	

269,511

	

290,580

100 	Garen 	

48.07%

	

1,794,579

	

862,740

	

931,839

101 	Veigar 	

48.04%

	

2,177,252

	

1,045,870

	

1,131,382

102 	Viktor 	

47.89%

	

737,154

	

353,022

	

384,132

103 	Dr. Mundo 	

47.69%

	

1,234,345

	

588,695

	

645,650

104 	Twisted Fate 	

47.62%

	

1,807,345

	

860,658

	

946,687

105 	Nocturne 	

47.59%

	

1,512,240

	

719,643

	

792,597

106 	Shyvana 	

47.54%

	

1,303,507

	

619,656

	

683,851

107 	Olaf 	

47.41%

	

1,523,315

	

722,157

	

801,158

108 	Gnar 	

47.03%

	

6,443,441

	

3,030,526

	

3,412,915

109 	Lee Sin 	

47.02%

	

8,142,482

	

3,828,832

	

4,313,650

110 	Rengar 	

46.98%

	

2,868,181

	

1,347,477

	

1,520,704

111 	Shen 	

46.61%

	

1,302,516

	

607,118

	

695,398

112 	Soraka 	

46.48%

	

1,126,702

	

523,675

	

603,027

113 	Evelynn 	

46.10%

	

1,237,233

	

570,426

	

666,807

114 	Cassiopeia 	

45.68%

	

1,006,320

	

459,678

	

546,642

115 	Gragas 	

45.54%

	

986,234

	

449,103

	

537,131

116 	Twitch 	

45.49%

	

1,997,041

	

908,425

	

1,088,616

117 	Elise 	

45.42%

	

1,045,676

	

474,924

	

570,752

118 	Kassadin 	

45.17%

	

1,019,339

	

460,475

	

558,864

119 	LeBlanc 	

44.79%

	

1,678,076

	

751,538

	

926,538

120 	Urgot 	

43.58%

	

510,481

	

222,451

	

288,030

121 	Azir 	

43.09%

	

124,308

	

53,570

	

70,738